----------[0]----------
Removed Feature: 0
Before : [0;32m1[0m 0 1 1 0 1 1 0 1 1 1 1 1 1 1 0 1 0 1 1 1 0 0 0 0 0 0 0 0 1 0 0 0 0 0 0 0 0 0 0 
After  : [0;31m0[0m 0 1 1 0 1 1 0 1 1 1 1 1 1 1 0 1 0 1 1 1 0 0 0 0 0 0 0 0 1 0 0 0 0 0 0 0 0 0 0 
----------[10]----------
Removed Feature: 2
Before : 0 0 1 1 0 1 1 0 1 1 [0;32m1[0m 1 1 1 1 0 1 0 1 1 1 0 0 0 0 0 0 0 0 0 0 0 0 0 0 0 0 0 0 0 
After  : 0 0 1 1 0 1 1 0 1 1 [0;31m0[0m 1 1 1 1 0 1 0 1 1 1 0 0 0 0 0 0 0 0 0 0 0 0 0 0 0 0 0 0 0 
----------[0]----------
Removed Feature: 3
Before : [0;32m1[0m 0 1 1 0 1 1 0 1 1 1 1 1 1 1 0 1 0 1 1 1 0 0 0 0 0 0 0 0 1 0 0 0 0 0 0 0 0 0 0 
After  : [0;31m0[0m 0 1 1 0 1 1 0 1 1 1 1 1 1 1 0 1 0 1 1 1 0 0 0 0 0 0 0 0 1 0 0 0 0 0 0 0 0 0 0 
----------[10]----------
Removed Feature: 5
Before : 1 0 1 1 0 1 1 0 1 1 [0;32m0[0m 1 1 1 1 0 1 0 1 0 1 0 0 0 0 0 0 0 0 0 0 0 0 0 0 0 0 0 0 0 
After  : 1 0 1 1 0 1 1 0 1 1 [0;31m1[0m 1 1 1 1 0 1 0 1 0 1 0 0 0 0 0 0 0 0 0 0 0 0 0 0 0 0 0 0 0 
----------[12]----------
Removed Feature: 6
Before : 1 0 1 1 0 1 1 0 1 1 1 1 [0;32m1[0m 1 1 0 1 0 1 1 1 0 0 0 0 0 0 0 0 1 0 0 0 0 0 0 0 0 0 0 
After  : 1 0 1 1 0 1 1 0 1 1 1 1 [0;31m0[0m 1 1 0 1 0 1 1 1 0 0 0 0 0 0 0 0 1 0 0 0 0 0 0 0 0 0 0 
