----------[16]-----AP_Breast_Colon.csv-----
Before : 0 0 1 0 0 0 1 1 0 0 1 1 0 1 1 1 [0;32m0[0m 1 1 0 0 1 1 0 0 1 0 0 0 1 0 0 1 1 1 0 1 0 0 1 1 1 0 1 0 0 0 0 0 0 1 1 0 1 1 1 
After  : 0 0 1 0 0 0 1 1 0 0 1 1 0 1 1 1 [0;31m1[0m 1 1 0 0 1 1 0 0 1 0 0 0 1 0 0 1 1 1 0 1 0 0 1 1 1 0 1 0 0 0 0 0 0 1 1 0 1 1 1 
----------[15]-----AP_Breast_Kidney.csv-----
Before : 0 0 1 0 0 1 0 1 0 0 0 1 0 1 1 [0;32m1[0m 1 1 0 1 0 0 1 1 0 0 0 1 0 0 1 1 1 1 1 0 0 0 0 0 0 1 0 0 0 0 1 1 1 1 0 1 1 0 
After  : 0 0 1 0 0 1 0 1 0 0 0 1 0 1 1 [0;31m0[0m 1 1 0 1 0 0 1 1 0 0 0 1 0 0 1 1 1 1 1 0 0 0 0 0 0 1 0 0 0 0 1 1 1 1 0 1 1 0 
----------[11]-----AP_Breast_Lung.csv-----
Before : 0 0 0 0 1 0 0 0 0 0 0 [0;32m0[0m 1 0 0 0 0 0 0 1 0 0 0 0 0 0 1 1 0 1 0 0 1 0 0 0 0 0 0 1 0 0 
After  : 0 0 0 0 1 0 0 0 0 0 0 [0;31m1[0m 1 0 0 0 0 0 0 1 0 0 0 0 0 0 1 1 0 1 0 0 1 0 0 0 0 0 0 1 0 0 
----------[1]-----AP_Breast_Omentum.csv-----
Before : 0 [0;32m0[0m 0 0 0 0 0 0 0 0 0 0 0 0 0 0 0 0 0 0 0 0 0 0 0 0 0 0 0 0 0 0 0 0 0 0 0 
After  : 0 [0;31m1[0m 0 0 0 0 0 0 0 0 0 0 0 0 0 0 0 0 0 0 0 0 0 0 0 0 0 0 0 0 0 0 0 0 0 0 0 
----------[47]-----AP_Breast_Ovary.csv-----
Before : 0 0 0 0 1 0 1 1 0 0 1 0 0 1 0 0 0 0 1 1 0 1 0 1 1 0 0 0 1 1 1 0 0 0 0 1 0 0 1 1 0 0 1 0 0 1 0 [0;32m1[0m 
After  : 0 0 0 0 1 0 1 1 0 0 1 0 0 1 0 0 0 0 1 1 0 1 0 1 1 0 0 0 1 1 1 0 0 0 0 1 0 0 1 1 0 0 1 0 0 1 0 [0;31m0[0m 
----------[21]-----AP_Breast_Prostate.csv-----
Before : 0 0 0 0 0 0 0 0 0 0 0 0 0 0 1 0 0 0 0 0 1 [0;32m0[0m 0 0 0 0 0 0 0 0 0 0 0 0 1 0 0 
After  : 0 0 0 0 0 0 0 0 0 0 0 0 0 0 1 0 0 0 0 0 1 [0;31m1[0m 0 0 0 0 0 0 0 0 0 0 0 0 1 0 0 
----------[23]-----AP_Breast_Uterus.csv-----
Before : 0 0 0 1 0 0 0 0 0 0 0 0 0 0 1 0 1 1 0 0 0 0 0 [0;32m1[0m 0 0 0 0 0 1 1 0 1 0 0 0 0 0 0 0 0 0 
After  : 0 0 0 1 0 0 0 0 0 0 0 0 0 0 1 0 1 1 0 0 0 0 0 [0;31m0[0m 0 0 0 0 0 1 1 0 1 0 0 0 0 0 0 0 0 0 
----------[4]-----AP_Colon_Kidney.csv-----
Before : 0 0 0 0 [0;32m0[0m 1 1 0 0 1 0 0 0 0 0 1 1 1 0 1 0 0 1 1 0 1 1 0 0 0 0 1 0 1 1 1 1 0 0 1 0 1 0 1 0 0 1 1 1 
After  : 0 0 0 0 [0;31m1[0m 1 1 0 0 1 0 0 0 0 0 1 1 1 0 1 0 0 1 1 0 1 1 0 0 0 0 1 0 1 1 1 1 0 0 1 0 1 0 1 0 0 1 1 1 
----------[0]-----AP_Colon_Lung.csv-----
Before : [0;32m1[0m 0 0 1 0 0 0 0 0 0 0 0 0 0 0 0 1 0 0 0 1 1 0 0 1 1 1 0 1 0 1 1 0 0 0 0 0 
After  : [0;31m0[0m 0 0 1 0 0 0 0 0 0 0 0 0 0 0 0 1 0 0 0 1 1 0 0 1 1 1 0 1 0 1 1 0 0 0 0 0 
----------[30]-----AP_Colon_Omentum.csv-----
Before : 0 0 0 0 0 1 0 0 1 0 0 1 0 0 0 0 1 0 0 0 0 0 0 1 1 0 0 0 0 1 [0;32m0[0m 1 
After  : 0 0 0 0 0 1 0 0 1 0 0 1 0 0 0 0 1 0 0 0 0 0 0 1 1 0 0 0 0 1 [0;31m1[0m 1 
----------[23]-----AP_Colon_Ovary.csv-----
Before : 0 1 1 0 0 1 1 0 1 0 0 0 0 0 0 1 0 0 1 1 1 1 1 [0;32m1[0m 1 0 0 1 1 1 1 1 0 1 1 1 0 1 1 0 0 0 1 
After  : 0 1 1 0 0 1 1 0 1 0 0 0 0 0 0 1 0 0 1 1 1 1 1 [0;31m0[0m 1 0 0 1 1 1 1 1 0 1 1 1 0 1 1 0 0 0 1 
----------[26]-----AP_Colon_Prostate.csv-----
Before : 0 0 0 1 1 0 0 0 1 1 0 1 0 0 0 0 0 0 0 0 0 1 0 1 1 0 [0;32m0[0m 0 0 0 0 
After  : 0 0 0 1 1 0 0 0 1 1 0 1 0 0 0 0 0 0 0 0 0 1 0 1 1 0 [0;31m1[0m 0 0 0 0 
----------[17]-----AP_Colon_Uterus.csv-----
Before : 0 0 0 0 0 0 0 0 0 1 0 0 0 0 0 0 0 [0;32m0[0m 0 0 0 0 0 0 0 1 1 1 0 0 0 0 0 0 0 0 
After  : 0 0 0 0 0 0 0 0 0 1 0 0 0 0 0 0 0 [0;31m1[0m 0 0 0 0 0 0 0 1 1 1 0 0 0 0 0 0 0 0 
----------[29]-----AP_Endometrium_Breast.csv-----
Before : 1 1 1 1 1 0 1 1 1 1 1 1 1 0 1 0 1 1 0 1 0 1 1 1 1 1 1 1 1 [0;32m0[0m 1 1 1 1 1 1 
After  : 1 1 1 1 1 0 1 1 1 1 1 1 1 0 1 0 1 1 0 1 0 1 1 1 1 1 1 1 1 [0;31m1[0m 1 1 1 1 1 1 
----------[24]-----AP_Endometrium_Colon.csv-----
Before : 1 1 1 1 1 1 1 1 1 0 1 1 1 1 1 1 1 1 0 1 1 1 1 1 [0;32m0[0m 1 1 1 0 1 1 
After  : 1 1 1 1 1 1 1 1 1 0 1 1 1 1 1 1 1 1 0 1 1 1 1 1 [0;31m1[0m 1 1 1 0 1 1 
----------[8]-----AP_Endometrium_Kidney.csv-----
Before : 1 0 0 1 1 0 1 1 [0;32m0[0m 1 0 1 1 1 1 1 0 1 1 0 1 1 1 1 1 1 1 0 
After  : 1 0 0 1 1 0 1 1 [0;31m1[0m 1 0 1 1 1 1 1 0 1 1 0 1 1 1 1 1 1 1 0 
----------[2]-----AP_Endometrium_Lung.csv-----
Before : 1 1 [0;32m0[0m 0 0 0 1 1 0 1 1 0 0 1 0 1 
After  : 1 1 [0;31m1[0m 0 0 0 1 1 0 1 1 0 0 1 0 1 
----------[11]-----AP_Endometrium_Omentum.csv-----
Before : 1 1 0 1 0 1 0 1 0 1 0 [0;32m0[0m 
After  : 1 1 0 1 0 1 0 1 0 1 0 [0;31m1[0m 
----------[0]-----AP_Endometrium_Ovary.csv-----
Before : [0;32m1[0m 1 1 1 0 0 1 0 1 0 1 0 0 1 1 1 1 1 1 1 1 1 1 
After  : [0;31m0[0m 1 1 1 0 0 1 0 1 0 1 0 0 1 1 1 1 1 1 1 1 1 1 
----------[7]-----AP_Endometrium_Prostate.csv-----
Before : 0 0 0 0 1 1 0 [0;32m1[0m 0 0 0 
After  : 0 0 0 0 1 1 0 [0;31m0[0m 0 0 0 
----------[1]-----AP_Endometrium_Uterus.csv-----
Before : 0 [0;32m0[0m 0 1 0 1 1 0 1 1 1 0 1 0 0 0 
After  : 0 [0;31m1[0m 0 1 0 1 1 0 1 1 1 0 1 0 0 0 
----------[28]-----AP_Lung_Kidney.csv-----
Before : 0 1 0 1 1 0 1 1 0 1 1 1 0 1 0 0 1 1 1 1 1 0 1 1 1 1 1 1 [0;32m0[0m 1 1 1 1 0 
After  : 0 1 0 1 1 0 1 1 0 1 1 1 0 1 0 0 1 1 1 1 1 0 1 1 1 1 1 1 [0;31m1[0m 1 1 1 1 0 
----------[8]-----AP_Lung_Uterus.csv-----
Before : 1 1 0 1 0 1 1 1 [0;32m0[0m 1 1 1 1 1 0 1 0 0 1 1 1 0 
After  : 1 1 0 1 0 1 1 1 [0;31m1[0m 1 1 1 1 1 0 1 0 0 1 1 1 0 
----------[13]-----AP_Omentum_Kidney.csv-----
Before : 0 1 1 0 0 1 1 1 1 1 1 1 1 [0;32m0[0m 1 1 1 1 1 0 1 0 0 1 1 1 1 0 1 1 
After  : 0 1 1 0 0 1 1 1 1 1 1 1 1 [0;31m1[0m 1 1 1 1 1 0 1 0 0 1 1 1 1 0 1 1 
----------[4]-----AP_Omentum_Lung.csv-----
Before : 0 1 0 1 [0;32m0[0m 0 1 1 1 0 1 1 1 0 1 1 1 1 
After  : 0 1 0 1 [0;31m1[0m 0 1 1 1 0 1 1 1 0 1 1 1 1 
----------[7]-----AP_Omentum_Prostate.csv-----
Before : 0 0 0 0 0 0 0 [0;32m0[0m 0 0 0 1 1 
After  : 0 0 0 0 0 0 0 [0;31m1[0m 0 0 0 1 1 
----------[16]-----AP_Omentum_Uterus.csv-----
Before : 1 1 0 1 1 1 0 1 1 0 1 1 0 1 1 0 [0;32m0[0m 0 
After  : 1 1 [0;31m1[0m 1 1 1 [0;31m1[0m 1 1 [0;31m1[0m 1 1 [0;31m1[0m 1 1 [0;31m1[0m [0;31m1[0m [0;31m1[0m 
----------[10]-----AP_Ovary_Kidney.csv-----
Before : 0 0 0 0 1 0 1 1 0 0 [0;32m0[0m 0 0 1 0 1 1 0 1 0 1 0 1 1 1 0 1 0 0 1 0 0 0 1 1 0 1 1 0 0 0 
After  : 0 0 0 0 1 0 1 1 0 0 [0;31m1[0m 0 0 1 0 1 1 0 1 0 1 0 1 1 1 0 1 0 0 1 0 0 0 1 1 0 1 1 0 0 0 
----------[25]-----AP_Ovary_Lung.csv-----
Before : 0 1 0 0 0 1 0 1 1 0 1 0 1 0 1 0 0 0 0 1 0 0 0 0 0 [0;32m0[0m 0 0 1 
After  : 0 1 0 0 0 1 0 1 1 0 1 0 1 0 1 0 0 0 0 1 0 0 0 0 0 [0;31m1[0m 0 0 1 
----------[24]-----AP_Ovary_Uterus.csv-----
Before : 1 1 1 1 1 1 1 1 1 1 1 1 1 1 1 1 1 1 1 1 1 1 1 1 [0;32m1[0m 1 1 1 
After  : 1 1 1 1 1 1 1 1 1 1 1 1 1 1 1 1 1 1 1 1 1 1 1 1 [0;31m0[0m 1 1 1 
----------[12]-----AP_Prostate_Kidney.csv-----
Before : 0 0 0 1 1 1 1 1 1 1 1 1 [0;32m0[0m 1 1 1 1 0 1 1 0 0 1 1 1 1 0 1 1 
After  : 0 0 0 1 1 1 1 1 1 1 1 1 [0;31m1[0m 1 1 1 1 0 1 1 0 0 1 1 1 1 0 1 1 
----------[6]-----AP_Prostate_Lung.csv-----
Before : 1 1 0 1 0 0 [0;32m0[0m 1 1 1 1 0 1 1 1 1 1 
After  : 1 1 0 1 0 0 [0;31m1[0m 1 1 1 1 0 1 1 1 1 1 
----------[13]-----AP_Prostate_Ovary.csv-----
Before : 1 1 1 1 1 1 1 1 1 0 1 1 1 [0;32m0[0m 1 0 1 1 1 1 1 1 1 0 
After  : 1 1 1 1 1 1 1 1 1 0 1 1 1 [0;31m1[0m 1 0 1 1 1 1 1 1 1 0 
----------[14]-----AP_Prostate_Uterus.csv-----
Before : 1 0 1 0 0 0 0 1 1 0 1 1 1 0 [0;32m0[0m 1 0 
After  : 1 0 1 0 0 0 0 1 1 0 1 1 1 0 [0;31m1[0m 1 0 
----------[15]-----AP_Uterus_Kidney.csv-----
Before : 0 1 1 1 1 1 1 0 0 1 1 1 1 0 1 [0;32m1[0m 0 1 1 0 0 1 1 1 0 1 0 1 1 0 0 1 1 0 
After  : 0 1 1 1 1 1 1 0 0 1 1 1 1 0 1 [0;31m0[0m 0 1 1 0 0 1 1 1 0 1 0 1 1 0 0 1 1 0 
----------[1]-----anthracyclineTaxaneChemotherapy.csv-----
Before : 1 [0;32m1[0m 0 0 1 1 1 0 1 0 0 1 1 1 
After  : 1 [0;31m0[0m 0 0 1 1 1 0 1 0 0 1 1 1 
----------[8]-----arcene.csv-----
Before : 1 0 0 1 1 1 0 0 [0;32m0[0m 0 0 1 0 0 0 1 0 1 
After  : 1 0 0 1 1 1 0 0 [0;31m1[0m 0 0 1 0 0 0 1 0 1 
----------[19]-----Australian.csv-----
Before : 0 1 1 0 0 1 0 0 1 0 0 1 0 0 1 1 0 0 0 [0;32m1[0m 1 0 0 1 0 0 0 0 0 0 1 0 1 1 0 0 1 0 1 1 0 0 1 0 0 0 1 0 0 1 1 0 0 1 0 1 1 0 1 1 1 0 
After  : 0 1 1 0 0 1 0 0 1 0 0 1 0 0 1 1 0 0 0 [0;31m0[0m 1 0 0 1 0 0 0 0 0 0 1 0 1 1 0 0 1 0 1 1 0 0 1 0 0 0 1 0 0 1 1 0 0 1 0 1 1 0 1 1 1 0 
----------[27]-----CastMetal1.csv-----
Before : 0 0 0 0 0 0 0 0 0 0 0 0 0 0 0 0 0 0 0 0 0 0 0 0 0 0 0 [0;32m0[0m 0 
After  : 0 0 0 0 0 0 0 0 0 0 0 0 0 0 0 0 0 0 0 0 0 0 0 0 0 0 0 [0;31m1[0m 0 
----------[11]-----CostaMadre1.csv-----
Before : 0 0 0 0 0 0 0 0 0 0 0 [0;32m0[0m 0 0 0 0 0 0 0 0 0 0 0 0 0 0 
After  : 0 0 0 0 0 0 0 0 0 0 0 [0;31m1[0m 0 0 0 0 0 0 0 0 0 0 0 0 0 0 
----------[6]-----KnuggetChase3.csv-----
Before : 0 0 0 0 0 0 [0;32m0[0m 0 0 0 0 0 0 0 0 0 1 
After  : 0 0 0 0 0 0 [0;31m1[0m 0 0 0 0 0 0 0 0 0 1 
----------[6]-----KungChi3.csv-----
Before : 0 0 0 0 0 0 [0;32m0[0m 0 0 0 0 
After  : 0 0 0 0 0 0 [0;31m1[0m 0 0 0 0 
----------[0]-----MeanWhile1.csv-----
Before : [0;32m0[0m 0 0 0 0 0 0 0 0 0 0 0 0 0 0 0 0 0 0 0 0 0 
After  : [0;31m1[0m 0 0 0 0 0 0 0 0 0 0 0 0 0 0 0 0 0 0 0 0 0 
----------[20]-----MegaWatt1.csv-----
Before : 0 0 0 0 0 0 0 0 0 0 0 0 0 0 0 0 0 0 0 0 [0;32m0[0m 0 
After  : 0 0 0 0 0 0 0 0 0 0 0 0 0 0 0 0 0 0 0 0 [0;31m1[0m 0 
----------[6]-----MindCave2.csv-----
Before : 0 1 0 0 1 0 [0;32m0[0m 0 0 0 0 
After  : 0 1 0 0 1 0 [0;31m1[0m 0 0 0 0 
----------[31]-----PieChart2.csv-----
Before : 0 0 0 0 0 0 0 0 0 0 0 0 0 0 0 0 0 0 0 0 0 0 0 0 0 0 0 0 0 0 0 [0;32m0[0m 0 0 0 0 0 0 0 0 0 0 0 0 0 0 0 0 0 0 0 0 0 0 0 0 0 0 0 0 0 0 0 0 0 0 0 
After  : 0 0 0 0 0 0 0 0 0 0 0 0 0 0 0 0 0 0 0 0 0 0 0 0 0 0 0 0 0 0 0 [0;31m1[0m 0 0 0 0 0 0 0 0 0 0 0 0 0 0 0 0 0 0 0 0 0 0 0 0 0 0 0 0 0 0 0 0 0 0 0 
----------[33]-----PizzaCutter1.csv-----
Before : 0 0 0 0 0 0 0 0 0 0 0 0 0 0 0 0 0 0 0 0 0 0 0 0 0 0 0 0 0 0 0 0 0 [0;32m0[0m 0 0 0 0 0 0 0 0 0 0 0 0 0 0 0 0 0 0 0 0 0 0 0 0 0 
After  : 0 0 0 0 0 0 0 0 0 0 0 0 0 0 0 0 0 0 0 0 0 0 0 0 0 0 0 0 0 0 0 0 0 [0;31m1[0m 0 0 0 0 0 0 0 0 0 0 0 0 0 0 0 0 0 0 0 0 0 0 0 0 0 
----------[2]-----SPECTF.csv-----
Before : 1 0 [0;32m0[0m 1 1 1 1 1 1 1 1 0 1 1 1 1 0 0 1 1 1 1 1 1 1 1 1 0 0 1 1 
After  : 1 0 [0;31m1[0m 1 1 1 1 1 1 1 1 0 1 1 1 1 0 0 1 1 1 1 1 1 1 1 1 0 0 1 1 
----------[29]-----analcatdata_apnea1.csv-----
Before : 0 0 0 0 0 0 0 0 0 0 0 0 0 0 0 0 0 0 0 0 0 0 0 0 0 0 0 0 0 [0;32m0[0m 0 0 0 0 0 0 0 0 0 0 0 0 
After  : 0 0 0 0 0 0 0 0 0 0 0 0 0 0 0 0 0 0 0 0 0 0 0 0 0 0 0 0 0 [0;31m1[0m 0 0 0 0 0 0 0 0 0 0 0 0 
----------[3]-----analcatdata_apnea2.csv-----
Before : 0 0 0 [0;32m0[0m 0 0 0 0 0 0 0 0 0 0 0 0 0 0 0 0 0 0 0 0 0 0 0 0 0 0 0 0 0 0 0 0 0 0 0 0 0 0 
After  : 0 0 0 [0;31m1[0m 0 0 0 0 0 0 0 0 0 0 0 0 0 0 0 0 0 0 0 0 0 0 0 0 0 0 0 0 0 0 0 0 0 0 0 0 0 0 
----------[20]-----analcatdata_apnea3.csv-----
Before : 0 0 0 0 0 0 0 0 0 0 0 0 0 0 0 0 0 0 0 0 [0;32m0[0m 0 0 0 0 0 0 0 0 0 0 0 0 0 0 0 0 0 0 0 
After  : 0 0 0 0 0 0 0 0 0 0 0 0 0 0 0 0 0 0 0 0 [0;31m1[0m 0 0 0 0 0 0 0 0 0 0 0 0 0 0 0 0 0 0 0 
----------[64]-----analcatdata_authorship.csv-----
Before : 1 0 1 1 1 1 1 1 1 0 0 1 1 0 1 1 0 0 1 0 1 1 1 0 0 0 1 0 0 1 0 0 0 1 0 0 1 0 1 1 0 0 1 1 0 0 1 0 1 0 1 0 1 0 1 0 1 1 1 0 1 1 1 1 [0;32m1[0m 1 1 1 1 1 1 1 1 1 1 
After  : 1 0 1 1 1 1 1 1 1 0 0 1 1 0 1 1 0 0 1 0 1 1 1 0 0 0 1 0 0 1 0 0 0 1 0 0 1 0 1 1 0 0 1 1 0 0 1 0 1 0 1 0 1 0 1 0 1 1 1 0 1 1 1 1 [0;31m0[0m 1 1 1 1 1 1 1 1 1 1 
----------[17]-----analcatdata_lawsuit.csv-----
Before : 0 0 0 0 0 0 0 0 0 0 0 0 0 0 0 0 0 [0;32m0[0m 0 0 0 0 0 
After  : 0 0 0 0 0 0 0 0 0 0 0 0 0 0 0 0 0 [0;31m1[0m 0 0 0 0 0 
----------[8]-----analcatdata_michiganacc.csv-----
Before : 1 1 1 1 1 1 1 1 [0;32m1[0m 
After  : 1 1 1 1 1 1 1 1 [0;31m0[0m 
----------[3]-----analcatdata_boxing1.csv-----
Before : 1 1 1 [0;32m0[0m 1 1 1 1 0 0 
After  : 1 1 1 [0;31m1[0m 1 1 1 1 0 0 
----------[8]-----analcatdata_boxing2.csv-----
Before : 1 1 1 1 1 1 1 1 [0;32m1[0m 1 1 
After  : 1 1 1 1 1 1 1 1 [0;31m0[0m 1 1 
----------[3]-----analcatdata_creditscore.csv-----
Before : 1 1 1 [0;32m1[0m 1 1 0 1 1 
After  : 1 1 1 [0;31m0[0m 1 1 0 1 1 
----------[7]-----analcatdata_seropositive.csv-----
Before : 0 1 0 0 1 0 0 [0;32m0[0m 0 0 0 
After  : 0 1 0 0 1 0 0 [0;31m1[0m 0 0 0 
----------[27]-----analcatdata_vineyard.csv-----
Before : 0 0 0 0 0 0 0 0 0 0 0 0 0 0 0 0 0 0 0 0 0 0 0 0 0 0 0 [0;32m0[0m 0 0 0 0 0 0 0 0 0 0 0 0 0 0 
After  : 0 0 0 0 0 0 0 0 0 0 0 0 0 0 0 0 0 0 0 0 0 0 0 0 0 0 0 [0;31m1[0m 0 0 0 0 0 0 0 0 0 0 0 0 0 0 
----------[13]-----analcatdata_wildcat.csv-----
Before : 0 0 0 0 0 0 0 0 0 0 0 0 0 [0;32m1[0m 
After  : 0 0 0 0 0 0 0 0 0 0 0 0 0 [0;31m0[0m 
----------[5]-----appendicitis.csv-----
Before : 0 0 0 0 0 [0;32m0[0m 0 0 0 
After  : 0 0 0 0 0 [0;31m1[0m 0 0 0 
----------[4]-----ar4.csv-----
Before : 0 0 0 0 [0;32m0[0m 0 0 0 0 
After  : 0 0 0 0 [0;31m1[0m 0 0 0 0 
----------[0]-----ar6.csv-----
Before : [0;32m0[0m 0 0 0 0 0 0 0 0 
After  : [0;31m1[0m 0 0 0 0 0 0 0 0 
----------[3]-----arsenic-female-bladder.csv-----
Before : 0 0 0 [0;32m1[0m 0 0 0 0 0 0 0 0 0 0 0 0 0 0 0 0 0 0 0 0 0 0 0 0 0 0 0 0 0 0 0 0 0 0 0 0 0 0 0 0 0 0 0 0 0 0 
After  : 0 0 0 [0;31m0[0m 0 0 0 0 0 0 0 0 0 0 0 0 0 0 0 0 0 0 0 0 0 0 0 0 0 0 0 0 0 0 0 0 0 0 0 0 0 0 0 0 0 0 0 0 0 0 
----------[3]-----arsenic-female-lung.csv-----
Before : 0 0 0 [0;32m1[0m 0 0 0 0 0 0 0 0 0 0 0 0 0 0 0 0 0 0 0 0 0 0 0 0 0 0 0 0 0 0 0 0 0 0 0 0 0 0 0 0 0 0 0 0 0 0 
After  : 0 0 0 [0;31m0[0m 0 0 0 0 0 0 0 0 0 0 0 0 0 0 0 0 0 0 0 0 0 0 0 0 0 0 0 0 0 0 0 0 0 0 0 0 0 0 0 0 0 0 0 0 0 0 
----------[22]-----arsenic-male-bladder.csv-----
Before : 0 0 0 1 0 0 0 0 0 0 0 0 0 0 0 0 0 0 0 0 0 0 [0;32m0[0m 0 0 0 0 0 0 0 0 0 0 0 0 0 0 0 0 0 0 0 0 0 0 0 0 0 0 0 
After  : 0 0 0 1 0 0 0 0 0 0 0 0 0 0 0 0 0 0 0 0 0 0 [0;31m1[0m 0 0 0 0 0 0 0 0 0 0 0 0 0 0 0 0 0 0 0 0 0 0 0 0 0 0 0 
----------[9]-----arsenic-male-lung.csv-----
Before : 0 0 0 1 0 0 0 0 0 [0;32m0[0m 0 0 0 0 0 0 0 0 0 0 0 0 0 0 0 0 0 0 0 0 0 0 0 0 0 0 0 0 0 0 0 0 0 0 0 0 0 0 0 0 
After  : 0 0 0 1 0 0 0 0 0 [0;31m1[0m 0 0 0 0 0 0 0 0 0 0 0 0 0 0 0 0 0 0 0 0 0 0 0 0 0 0 0 0 0 0 0 0 0 0 0 0 0 0 0 0 
----------[5]-----autoPrice.csv-----
Before : 1 0 0 0 1 [0;32m1[0m 0 0 1 0 1 0 1 0 
After  : 1 0 0 0 1 [0;31m0[0m 0 0 1 0 1 0 1 0 
----------[14]-----autoUniv-au1-1000.csv-----
Before : 1 1 1 1 1 1 1 1 1 1 1 1 1 1 [0;32m1[0m 1 1 1 1 1 1 1 1 1 1 1 1 1 1 1 1 1 1 1 1 1 1 1 1 1 1 1 1 1 1 1 1 1 1 1 1 1 1 1 1 1 1 1 1 1 1 1 1 1 1 1 1 1 1 1 1 1 1 1 1 1 1 1 1 1 1 1 1 1 1 1 1 1 1 1 
After  : 1 1 1 1 1 1 1 1 1 1 1 1 1 1 [0;31m0[0m 1 1 1 1 1 1 1 1 1 1 1 1 1 1 1 1 1 1 1 1 1 1 1 1 1 1 1 1 1 1 1 1 1 1 1 1 1 1 1 1 1 1 1 1 1 1 1 1 1 1 1 1 1 1 1 1 1 1 1 1 1 1 1 1 1 1 1 1 1 1 1 1 1 1 1 
----------[5]-----auto_price.csv-----
Before : 1 0 0 0 1 [0;32m1[0m 0 0 1 0 1 0 1 0 
After  : 1 0 0 0 1 [0;31m0[0m 0 0 1 0 1 0 1 0 
----------[19]-----badges2.csv-----
Before : 0 1 1 1 1 1 1 1 1 1 0 1 1 0 1 0 1 1 1 [0;32m0[0m 1 0 1 1 1 1 
After  : 0 1 1 1 1 1 1 1 1 1 0 1 1 0 1 0 1 1 1 [0;31m1[0m 1 0 1 1 1 1 
----------[1]-----blogger.csv-----
Before : 1 [0;32m1[0m 1 1 1 1 1 1 1 
After  : 1 [0;31m0[0m 1 1 1 1 1 1 1 
----------[20]-----bodyfat.csv-----
Before : 0 0 0 1 0 0 1 0 1 0 1 1 1 1 1 0 1 1 0 0 [0;32m0[0m 1 
After  : 0 0 0 1 0 0 1 0 1 0 1 1 1 1 1 0 1 1 0 0 [0;31m1[0m 1 
----------[1]-----boston.csv-----
Before : 1 [0;32m0[0m 0 1 1 0 1 0 1 1 1 0 0 0 0 0 1 1 1 1 1 1 0 0 1 1 1 0 1 1 0 0 1 0 0 0 0 1 1 0 1 0 0 0 0 
After  : 1 [0;31m1[0m 0 1 1 0 1 0 1 1 1 0 0 0 0 0 1 1 1 1 1 1 0 0 1 1 1 0 1 1 0 0 1 0 0 0 0 1 1 0 1 0 0 0 0 
----------[36]-----boston_corrected.csv-----
Before : 0 0 1 0 0 0 0 0 0 0 0 1 1 1 1 1 0 0 0 0 0 0 1 1 0 0 0 1 0 0 1 1 0 1 0 0 [0;32m0[0m 0 0 1 1 1 1 1 0 
After  : 0 0 1 0 0 0 0 0 0 0 0 1 1 1 1 1 0 0 0 0 0 0 1 1 0 0 0 1 0 0 1 1 0 1 0 0 [0;31m1[0m 0 0 1 1 1 1 1 0 
----------[23]-----breast-cancer-dropped-missing-attributes-values.csv-----
Before : 0 0 0 0 0 0 0 1 0 0 1 0 0 0 0 0 0 0 0 1 1 0 1 [0;32m0[0m 
After  : 0 0 0 0 0 0 0 1 0 0 1 0 0 0 0 0 0 0 0 1 1 0 1 [0;31m1[0m 
----------[24]-----breast.csv-----
Before : 0 0 1 0 0 0 1 1 0 1 1 1 0 1 0 1 1 0 0 1 1 0 1 0 [0;32m1[0m 1 0 0 0 0 1 0 1 1 0 0 1 1 0 0 0 0 0 0 0 1 0 0 1 0 0 0 0 0 0 0 0 1 0 0 0 0 
After  : 0 0 1 0 0 0 1 1 0 1 1 1 0 1 0 1 1 0 0 1 1 0 1 0 [0;31m0[0m 1 0 0 0 0 1 0 1 1 0 0 1 1 0 0 0 0 0 0 0 1 0 0 1 0 0 0 0 0 0 0 0 1 0 0 0 0 
----------[9]-----breast_cancer.csv-----
Before : 0 0 0 0 0 0 0 0 0 [0;32m0[0m 0 0 0 0 0 0 0 0 0 0 0 0 0 0 0 
After  : 0 0 0 0 0 0 0 0 0 [0;31m1[0m 0 0 0 0 0 0 0 0 0 0 0 0 0 0 0 
----------[2]-----buggyCrx.csv-----
Before : 0 0 [0;32m1[0m 1 1 0 0 1 1 1 0 1 0 1 0 1 0 1 1 1 1 1 1 1 1 0 0 0 0 0 1 0 1 0 1 1 0 1 1 1 0 0 0 0 1 1 0 1 1 0 1 1 1 1 1 1 0 1 0 0 1 1 
After  : 0 0 [0;31m0[0m 1 1 0 0 1 1 1 0 1 0 1 0 1 0 1 1 1 1 1 1 1 1 0 0 0 0 0 1 0 1 0 1 1 0 1 1 1 0 0 0 0 1 1 0 1 1 0 1 1 1 1 1 1 0 1 0 0 1 1 
----------[10]-----bupa.csv-----
Before : 1 0 0 1 1 0 1 1 1 0 [0;32m0[0m 0 0 0 1 1 1 0 1 1 1 0 1 1 0 0 1 1 0 1 0 
After  : 1 0 0 1 1 0 1 1 1 0 [0;31m1[0m 0 0 0 1 1 1 0 1 1 1 0 1 1 0 0 1 1 0 1 0 
----------[4]-----chatfield_4.csv-----
Before : 0 0 0 0 [0;32m1[0m 0 0 0 0 1 0 1 0 1 1 1 0 1 0 0 0 
After  : 0 0 0 0 [0;31m0[0m 0 0 0 0 1 0 1 0 1 1 1 0 1 0 0 0 
----------[29]-----chscase_census2.csv-----
Before : 1 1 1 0 0 0 0 0 0 1 1 0 1 0 1 1 0 0 1 1 1 0 1 1 0 1 0 0 0 [0;32m1[0m 1 0 1 1 0 1 
After  : 1 1 1 0 0 0 0 0 0 1 1 0 1 0 1 1 0 0 1 1 1 0 1 1 0 1 0 0 0 [0;31m0[0m 1 0 1 1 0 1 
----------[12]-----chscase_census3.csv-----
Before : 0 0 0 1 0 0 1 0 0 1 0 0 [0;32m0[0m 0 0 1 0 0 0 0 1 0 0 1 0 0 0 0 0 0 0 1 0 0 1 1 
After  : 0 0 0 1 0 0 1 0 0 1 0 0 [0;31m1[0m 0 0 1 0 0 0 0 1 0 0 1 0 0 0 0 0 0 0 1 0 0 1 1 
----------[31]-----chscase_census4.csv-----
Before : 0 0 0 0 0 0 0 0 0 0 0 0 0 0 0 0 0 0 0 0 0 0 0 0 0 0 0 0 0 0 0 [0;32m0[0m 0 0 0 0 
After  : 0 0 0 0 0 0 0 0 0 0 0 0 0 0 0 0 0 0 0 0 0 0 0 0 0 0 0 0 0 0 0 [0;31m1[0m 0 0 0 0 
----------[3]-----chscase_census5.csv-----
Before : 1 1 0 [0;32m1[0m 1 1 1 1 1 1 1 1 1 1 1 0 0 0 0 1 1 1 1 0 1 1 0 1 1 1 1 1 0 1 1 1 
After  : 1 1 0 [0;31m0[0m 1 1 1 1 1 1 1 1 1 1 1 0 0 0 0 1 1 1 1 0 1 1 0 1 1 1 1 1 0 1 1 1 
----------[26]-----chscase_census6.csv-----
Before : 0 0 0 0 0 0 0 0 0 0 0 0 0 0 0 0 0 0 0 0 0 0 0 0 0 0 [0;32m0[0m 0 0 0 0 1 1 0 0 0 
After  : 0 0 0 0 0 0 0 0 0 0 0 0 0 0 0 0 0 0 0 0 0 0 0 0 0 0 [0;31m1[0m 0 0 0 0 1 1 0 0 0 
----------[2]-----chscase_funds.csv-----
Before : 1 0 [0;32m1[0m 1 1 1 0 0 1 1 1 1 1 1 0 1 
After  : 1 0 [0;31m0[0m 1 1 1 0 0 1 1 1 1 1 1 0 1 
----------[7]-----chscase_geyser1.csv-----
Before : 1 1 1 1 0 1 0 [0;32m1[0m 1 0 0 0 0 1 1 1 0 1 0 
After  : 1 1 1 1 0 1 0 [0;31m0[0m 1 0 0 0 0 1 1 1 0 1 0 
----------[28]-----chscase_vine2.csv-----
Before : 1 1 1 1 1 1 1 1 1 1 1 1 1 1 1 1 1 1 1 1 1 1 1 1 1 1 1 1 [0;32m1[0m 1 1 1 1 1 1 1 1 1 1 1 1 1 
After  : 1 1 1 1 1 1 1 1 1 1 1 1 1 1 1 1 1 1 1 1 1 1 1 1 1 1 1 1 [0;31m0[0m 1 1 1 1 1 1 1 1 1 1 1 1 1 
----------[2]-----corral.csv-----
Before : 0 0 [0;32m0[0m 0 0 0 1 0 0 1 1 0 1 1 
After  : 0 0 [0;31m1[0m 0 0 0 1 0 0 1 1 0 1 1 
----------[9]-----cpu.csv-----
Before : 1 1 0 0 0 1 0 0 0 [0;32m1[0m 0 0 1 1 0 1 0 0 
After  : 1 1 0 0 0 1 0 0 0 [0;31m0[0m 0 0 1 1 0 1 0 0 
----------[43]-----credit-g.csv-----
Before : 0 0 0 0 0 0 1 0 0 0 1 0 0 0 0 0 0 0 0 0 0 0 0 0 0 0 0 0 1 0 0 0 1 0 0 1 0 0 0 0 0 0 1 [0;32m0[0m 0 0 0 1 0 0 0 1 1 1 0 0 0 0 0 1 0 0 0 0 1 0 0 1 0 0 0 1 1 0 0 0 0 1 0 0 0 0 0 1 0 0 0 0 0 0 
After  : 0 0 0 0 0 0 1 0 0 0 1 0 0 0 0 0 0 0 0 0 0 0 0 0 0 0 0 0 1 0 0 0 1 0 0 1 0 0 0 0 0 0 1 [0;31m1[0m 0 0 0 1 0 0 0 1 1 1 0 0 0 0 0 1 0 0 0 0 1 0 0 1 0 0 0 1 1 0 0 0 0 1 0 0 0 0 0 1 0 0 0 0 0 0 
----------[25]-----clean1.csv-----
Before : 1 1 1 0 0 1 0 1 1 1 0 1 0 1 0 1 0 1 1 1 0 0 0 0 0 [0;32m0[0m 1 1 1 1 1 0 0 1 1 0 1 0 1 1 1 0 
After  : 1 1 1 0 0 1 0 1 1 1 0 1 0 1 0 1 0 1 1 1 0 0 0 0 0 [0;31m1[0m 1 1 1 1 1 0 0 1 1 0 1 0 1 1 1 0 
----------[2]-----cleve.csv-----
Before : 0 0 [0;32m1[0m 0 0 0 1 0 1 1 0 1 0 0 0 1 1 1 0 1 1 1 1 0 1 0 1 
After  : 0 0 [0;31m0[0m 0 0 0 1 0 1 1 0 1 0 0 0 1 1 1 0 1 1 1 1 0 1 0 1 
----------[2]-----cloud.csv-----
Before : 1 1 [0;32m1[0m 1 1 1 1 1 1 
After  : 1 1 [0;31m0[0m 1 1 1 1 1 1 
----------[6]-----diggle_table_a2.csv-----
Before : 0 1 0 0 0 1 [0;32m0[0m 1 1 1 1 1 1 0 1 0 1 0 1 1 0 1 0 1 1 0 1 
After  : 0 1 0 0 0 1 [0;31m1[0m 1 1 1 1 1 1 0 1 0 1 0 1 1 0 1 0 1 1 0 1 
----------[1]-----disclosure_x_bias.csv-----
Before : 1 [0;32m0[0m 0 1 1 1 1 1 1 0 0 1 0 0 1 1 0 1 1 1 1 0 1 1 0 1 0 1 1 1 1 0 1 0 1 0 0 0 0 0 1 1 1 1 1 0 1 1 0 1 1 1 0 1 0 1 0 0 1 
After  : 1 [0;31m1[0m 0 1 1 1 1 1 1 0 0 1 0 0 1 1 0 1 1 1 1 0 1 1 0 1 0 1 1 1 1 0 1 0 1 0 0 0 0 0 1 1 1 1 1 0 1 1 0 1 1 1 0 1 0 1 0 0 1 
----------[9]-----disclosure_x_noise.csv-----
Before : 1 1 0 1 1 1 1 1 1 [0;32m0[0m 0 1 1 0 1 0 1 1 1 1 1 1 1 1 1 1 0 1 1 1 1 1 1 1 1 1 0 1 0 1 0 1 1 0 1 0 1 0 1 0 0 1 1 1 1 1 0 1 1 
After  : 1 1 0 1 1 1 1 1 1 [0;31m1[0m 0 1 1 0 1 0 1 1 1 1 1 1 1 1 1 1 0 1 1 1 1 1 1 1 1 1 0 1 0 1 0 1 1 0 1 0 1 0 1 0 0 1 1 1 1 1 0 1 1 
----------[48]-----disclosure_x_tampered.csv-----
Before : 1 1 0 1 1 1 1 1 1 0 0 1 1 0 1 1 0 1 1 1 1 0 1 1 1 1 0 1 1 1 1 0 1 1 1 1 0 0 0 1 0 1 1 0 1 0 1 1 [0;32m1[0m 1 1 1 1 1 1 1 0 0 1 
After  : 1 1 0 1 1 1 1 1 1 0 0 1 1 0 1 1 0 1 1 1 1 0 1 1 1 1 0 1 1 1 1 0 1 1 1 1 0 0 0 1 0 1 1 0 1 0 1 1 [0;31m0[0m 1 1 1 1 1 1 1 0 0 1 
----------[53]-----disclosure_z.csv-----
Before : 1 0 0 1 1 1 1 1 1 1 0 0 0 1 0 0 0 1 1 1 1 1 0 1 1 0 0 1 1 0 1 1 1 0 0 0 0 0 0 0 0 1 1 0 1 0 0 0 1 0 0 0 0 [0;32m0[0m 1 0 0 1 0 
After  : 1 0 0 1 1 1 1 1 1 1 0 0 0 1 0 0 0 1 1 1 1 1 0 1 1 0 0 1 1 0 1 1 1 0 0 0 0 0 0 0 0 1 1 0 1 0 0 0 1 0 0 0 0 [0;31m1[0m 1 0 0 1 0 
----------[1]-----fertility.csv-----
Before : 0 [0;32m0[0m 0 0 0 0 0 0 0 
After  : 0 [0;31m1[0m [0;31m1[0m 0 [0;31m1[0m [0;31m1[0m 0 0 0 
----------[5]-----fishcatch.csv-----
Before : 0 1 1 1 1 [0;32m0[0m 1 0 1 1 1 1 1 1 
After  : 0 1 1 1 1 [0;31m1[0m 1 0 1 1 1 1 1 1 
----------[21]-----fri_c0_1000_10.csv-----
Before : 0 1 0 0 1 1 0 1 1 0 1 1 1 1 1 1 1 1 1 1 0 [0;32m0[0m 0 0 0 0 1 0 1 1 0 0 1 0 0 0 1 0 1 0 0 0 1 1 0 0 1 0 0 0 1 1 0 1 1 1 0 1 0 1 0 0 0 0 0 1 1 0 0 1 0 1 0 1 1 1 1 0 1 1 0 1 0 0 0 1 0 0 1 1 
After  : 0 1 0 0 1 1 0 1 1 0 1 1 1 1 1 1 1 1 1 1 0 [0;31m1[0m 0 0 0 0 1 0 1 1 0 0 1 0 0 0 1 0 1 0 0 0 1 1 0 0 1 0 0 0 1 1 0 1 1 1 0 1 0 1 0 0 0 0 0 1 1 0 0 1 0 1 0 1 1 1 1 0 1 1 0 1 0 0 0 1 0 0 1 1 
----------[22]-----credit_a.csv-----
Before : 0 1 1 0 1 1 0 0 0 0 1 0 0 1 0 0 1 1 0 0 0 0 [0;32m1[0m 1 0 1 1 0 0 0 1 1 1 0 0 0 1 1 0 1 0 1 0 0 0 1 0 1 0 0 1 0 1 0 1 1 0 1 1 1 1 1 
After  : 0 1 1 0 1 1 0 0 0 0 1 0 0 1 0 0 1 1 0 0 0 0 [0;31m0[0m 1 0 1 1 0 0 0 1 1 1 0 0 0 1 1 0 1 0 1 0 0 0 1 0 1 0 0 1 0 1 0 1 1 0 1 1 1 1 1 
----------[77]-----credit_g.csv-----
Before : 1 1 1 1 1 1 1 1 1 1 1 1 1 1 1 1 1 1 1 1 1 1 1 1 1 1 1 1 1 1 1 1 1 1 1 1 1 1 1 1 1 1 1 1 1 1 1 1 1 1 1 1 1 1 1 1 1 1 1 1 1 1 1 1 1 1 1 1 1 1 1 1 1 1 1 1 1 [0;32m1[0m 1 1 1 1 1 1 1 1 1 1 1 1 
After  : 1 1 1 1 1 1 1 1 1 1 1 1 1 1 1 1 1 1 1 1 1 1 1 1 1 1 1 1 1 1 1 1 1 1 1 1 1 1 1 1 1 1 1 1 1 1 1 1 1 1 1 1 1 1 1 1 1 1 1 1 1 1 1 1 1 1 1 1 1 1 1 1 1 1 1 1 1 [0;31m0[0m 1 1 1 1 1 1 1 1 1 1 1 1 
----------[10]-----crx.csv-----
Before : 0 0 1 0 0 1 1 0 0 0 [0;32m0[0m 0 0 1 0 1 1 0 1 0 0 0 0 1 0 0 0 0 0 0 1 1 1 1 0 0 0 0 1 0 0 1 0 0 0 0 0 0 0 0 1 1 1 1 0 1 0 0 0 0 0 1 
After  : 0 0 1 0 0 1 1 0 0 0 [0;31m1[0m 0 0 1 0 1 1 0 1 0 0 0 0 1 0 0 0 0 0 0 1 1 1 1 0 0 0 0 1 0 0 1 0 0 0 0 0 0 0 0 1 1 1 1 0 1 0 0 0 0 0 1 
----------[1]-----datatrieve.csv-----
Before : 0 [0;32m0[0m 0 0 0 0 0 0 0 0 0 
After  : 0 [0;31m1[0m 0 0 0 0 0 0 0 0 0 
----------[1]-----fri_c0_1000_25.csv-----
Before : 0 [0;32m0[0m 0 1 1 0 1 1 0 1 1 1 1 1 0 1 1 0 1 0 1 1 0 1 0 1 1 0 0 1 1 0 1 1 0 1 1 1 0 0 1 0 0 1 0 0 1 0 0 0 1 1 1 0 1 1 0 1 1 1 1 0 0 0 0 1 1 0 0 1 1 1 1 0 0 0 0 1 0 1 1 0 0 1 1 0 0 1 0 0 
After  : 0 [0;31m1[0m 0 1 1 0 1 1 0 1 1 1 1 1 0 1 1 0 1 0 1 1 0 1 0 1 1 0 0 1 1 0 1 1 0 1 1 1 0 0 1 0 0 1 0 0 1 0 0 0 1 1 1 0 1 1 0 1 1 1 1 0 0 0 0 1 1 0 0 1 1 1 1 0 0 0 0 1 0 1 1 0 0 1 1 0 0 1 0 0 
----------[62]-----fri_c0_1000_5.csv-----
Before : 1 0 0 1 0 1 0 1 1 0 1 0 1 0 1 0 0 1 0 0 0 0 1 0 0 0 1 0 1 0 1 0 1 0 1 0 1 1 0 0 1 0 0 1 0 1 1 0 1 1 0 0 1 1 0 0 0 0 1 1 0 1 [0;32m0[0m 0 1 1 1 1 1 0 1 1 0 1 0 0 0 1 0 0 0 1 1 1 1 0 1 1 1 0 
After  : 1 0 0 1 0 1 0 1 1 0 1 0 1 0 1 0 0 1 0 0 0 0 1 0 0 0 1 0 1 0 1 0 1 0 1 0 1 1 0 0 1 0 0 1 0 1 1 0 1 1 0 0 1 1 0 0 0 0 1 1 0 1 [0;31m1[0m 0 1 1 1 1 1 0 1 1 0 1 0 0 0 1 0 0 0 1 1 1 1 0 1 1 1 0 
----------[19]-----fri_c0_1000_50.csv-----
Before : 0 0 1 1 1 0 1 1 0 0 1 0 0 0 1 1 1 0 0 [0;32m0[0m 0 0 0 1 0 0 0 0 0 1 1 1 1 1 1 0 0 1 1 1 0 1 0 0 0 1 1 0 0 0 0 1 0 1 1 1 1 0 1 0 0 1 1 1 1 1 0 1 0 1 1 1 1 1 0 1 0 1 0 1 1 1 0 1 0 0 1 1 1 0 
After  : 0 0 1 1 1 0 1 1 0 0 1 0 0 0 1 1 1 0 0 [0;31m1[0m 0 0 0 1 0 0 0 0 0 1 1 1 1 1 1 0 0 1 1 1 0 1 0 0 0 1 1 0 0 0 0 1 0 1 1 1 1 0 1 0 0 1 1 1 1 1 0 1 0 1 1 1 1 1 0 1 0 1 0 1 1 1 0 1 0 0 1 1 1 0 
----------[2]-----fri_c0_100_10.csv-----
Before : 0 0 [0;32m1[0m 0 1 1 1 1 1 
After  : 0 0 [0;31m0[0m 0 1 1 1 1 1 
----------[4]-----fri_c0_100_25.csv-----
Before : 1 0 0 0 [0;32m1[0m 0 0 1 0 
After  : 1 0 0 0 [0;31m0[0m 0 0 1 0 
----------[6]-----fri_c0_100_5.csv-----
Before : 1 1 1 1 1 1 [0;32m1[0m 1 1 
After  : 1 1 1 1 1 1 [0;31m0[0m 1 1 
----------[1]-----fri_c0_100_50.csv-----
Before : 0 [0;32m1[0m 0 0 0 1 0 1 1 
After  : 0 [0;31m0[0m 0 0 0 1 0 1 1 
----------[17]-----fri_c0_250_10.csv-----
Before : 1 1 0 1 0 0 0 1 0 0 1 1 1 0 0 0 1 [0;32m0[0m 0 1 0 1 
After  : 1 1 0 1 0 0 0 1 0 0 1 1 1 0 0 0 1 [0;31m1[0m 0 1 0 1 
----------[18]-----fri_c0_250_25.csv-----
Before : 1 1 1 1 1 1 1 1 1 1 1 1 1 1 1 1 1 1 [0;32m1[0m 1 1 1 
After  : 1 1 1 1 1 1 1 1 1 1 1 1 1 1 1 1 1 1 [0;31m0[0m 1 1 1 
----------[21]-----fri_c0_250_5.csv-----
Before : 0 1 0 0 0 1 0 0 1 0 1 0 0 1 0 1 0 0 1 0 1 [0;32m0[0m 
After  : 0 1 0 0 0 1 0 0 1 0 1 0 0 1 0 1 0 0 1 0 1 [0;31m1[0m 
----------[20]-----fri_c0_250_50.csv-----
Before : 1 0 1 0 0 1 1 0 0 1 1 0 0 0 1 1 1 0 0 0 [0;32m0[0m 0 
After  : 1 0 1 0 0 1 1 0 0 1 1 0 0 0 1 1 1 0 0 0 [0;31m1[0m 0 
----------[20]-----fri_c0_500_10.csv-----
Before : 1 0 1 1 1 1 1 0 1 1 1 0 1 0 0 0 1 0 1 1 [0;32m0[0m 1 1 1 1 1 1 0 1 1 1 1 0 1 1 0 0 0 1 0 1 1 1 1 0 
After  : 1 0 1 1 1 1 1 0 1 1 1 0 1 0 0 0 1 0 1 1 [0;31m1[0m 1 1 1 1 1 1 0 1 1 1 1 0 1 1 0 0 0 1 0 1 1 1 1 0 
----------[6]-----fri_c0_500_25.csv-----
Before : 0 0 0 0 1 1 [0;32m0[0m 1 0 1 0 0 1 0 0 0 1 1 1 0 0 1 0 0 0 1 1 0 0 1 0 0 1 1 0 1 0 1 1 1 0 1 1 0 1 
After  : 0 0 0 0 1 1 [0;31m1[0m 1 0 1 0 0 1 0 0 0 1 1 1 0 0 1 0 0 0 1 1 0 0 1 0 0 1 1 0 1 0 1 1 1 0 1 1 0 1 
----------[42]-----fri_c0_500_5.csv-----
Before : 1 1 0 0 1 0 1 0 1 0 0 1 1 1 1 0 1 1 0 0 0 1 0 0 1 1 0 1 1 0 1 0 0 1 1 1 1 1 1 1 1 1 [0;32m0[0m 0 1 
After  : 1 1 0 0 1 0 1 0 1 0 0 1 1 1 1 0 1 1 0 0 0 1 0 0 1 1 0 1 1 0 1 0 0 1 1 1 1 1 1 1 1 1 [0;31m1[0m 0 1 
----------[22]-----fri_c0_500_50.csv-----
Before : 0 0 0 1 1 0 1 0 1 0 1 0 0 0 1 0 0 0 1 0 0 0 [0;32m0[0m 1 1 1 1 1 1 1 0 1 1 1 1 0 0 1 1 0 0 0 0 1 0 
After  : 0 0 0 1 1 0 1 0 1 0 1 0 0 0 1 0 0 0 1 0 0 0 [0;31m1[0m 1 1 1 1 1 1 1 0 1 1 1 1 0 0 1 1 0 0 0 0 1 0 
----------[30]-----fri_c1_1000_10.csv-----
Before : 0 1 1 1 1 0 0 0 1 1 1 1 0 0 1 0 0 1 1 1 1 1 1 1 1 1 0 1 1 0 [0;32m0[0m 1 1 0 1 1 1 0 1 1 1 0 1 1 1 1 0 0 0 0 0 0 1 0 0 1 1 1 1 0 1 1 1 0 1 1 0 1 1 0 1 1 1 0 1 1 1 1 1 0 0 1 1 0 1 0 1 1 1 1 
After  : 0 1 1 1 1 0 0 0 1 1 1 1 0 0 1 0 0 1 1 1 1 1 1 1 1 1 0 1 1 0 [0;31m1[0m 1 1 0 1 1 1 0 1 1 1 0 1 1 1 1 0 0 0 0 0 0 1 0 0 1 1 1 1 0 1 1 1 0 1 1 0 1 1 0 1 1 1 0 1 1 1 1 1 0 0 1 1 0 1 0 1 1 1 1 
----------[0]-----fri_c1_1000_25.csv-----
Before : [0;32m1[0m 1 1 1 1 1 1 1 0 0 1 1 1 1 1 1 0 1 0 0 0 1 1 1 1 1 1 1 1 1 1 1 1 0 0 1 1 1 0 1 1 0 1 0 0 1 0 1 1 0 1 1 1 1 1 1 0 1 1 0 0 1 1 1 0 1 0 1 1 0 1 1 0 0 1 1 1 1 0 1 0 1 1 1 1 0 1 1 1 0 
After  : [0;31m0[0m 1 1 1 1 1 1 1 0 0 1 1 1 1 1 1 0 1 0 0 0 1 1 1 1 1 1 1 1 1 1 1 1 0 0 1 1 1 0 1 1 0 1 0 0 1 0 1 1 0 1 1 1 1 1 1 0 1 1 0 0 1 1 1 0 1 0 1 1 0 1 1 0 0 1 1 1 1 0 1 0 1 1 1 1 0 1 1 1 0 
----------[84]-----fri_c1_1000_5.csv-----
Before : 1 1 0 0 1 1 1 0 0 1 1 1 1 1 0 0 1 1 0 1 1 0 1 0 0 0 1 1 0 0 1 1 0 1 1 1 0 0 0 1 0 1 1 1 1 1 0 0 1 0 1 0 0 0 1 0 0 1 1 0 0 0 0 0 0 1 1 0 0 1 0 1 1 0 0 1 1 1 0 0 0 0 1 1 [0;32m0[0m 0 1 0 1 0 
After  : 1 1 0 0 1 1 1 0 0 1 1 1 1 1 0 0 1 1 0 1 1 0 1 0 0 0 1 1 0 0 1 1 0 1 1 1 0 0 0 1 0 1 1 1 1 1 0 0 1 0 1 0 0 0 1 0 0 1 1 0 0 0 0 0 0 1 1 0 0 1 0 1 1 0 0 1 1 1 0 0 0 0 1 1 [0;31m1[0m 0 1 0 1 0 
----------[2]-----fri_c1_1000_50.csv-----
Before : 0 1 [0;32m1[0m 0 1 1 0 0 0 0 0 1 1 1 0 1 1 1 0 0 0 1 0 1 1 1 0 1 0 0 1 1 0 1 0 0 0 0 1 0 0 1 0 1 1 1 0 0 0 1 0 0 1 0 1 0 1 1 0 0 1 1 1 1 1 1 1 0 1 1 1 1 0 0 0 0 1 0 1 1 0 1 1 1 1 1 0 0 1 0 
After  : 0 1 [0;31m0[0m 0 1 1 0 0 0 0 0 1 1 1 0 1 1 1 0 0 0 1 0 1 1 1 0 1 0 0 1 1 0 1 0 0 0 0 1 0 0 1 0 1 1 1 0 0 0 1 0 0 1 0 1 0 1 1 0 0 1 1 1 1 1 1 1 0 1 1 1 1 0 0 0 0 1 0 1 1 0 1 1 1 1 1 0 0 1 0 
----------[1]-----fri_c1_100_10.csv-----
Before : 0 [0;32m1[0m 0 1 1 0 1 1 1 
After  : 0 [0;31m0[0m 0 1 1 0 1 1 1 
----------[5]-----fri_c1_100_25.csv-----
Before : 1 0 0 1 0 [0;32m1[0m 1 1 0 
After  : 1 0 0 1 0 [0;31m0[0m 1 1 0 
----------[3]-----fri_c1_100_5.csv-----
Before : 1 1 1 [0;32m1[0m 1 1 1 1 1 
After  : 1 1 1 [0;31m0[0m 1 1 1 1 1 
----------[7]-----fri_c1_100_50.csv-----
Before : 1 1 1 1 1 1 1 [0;32m1[0m 1 
After  : 1 1 1 1 1 1 1 [0;31m0[0m 1 
----------[3]-----fri_c1_250_10.csv-----
Before : 1 0 1 [0;32m0[0m 1 0 1 1 1 0 0 1 1 1 1 1 1 1 1 0 1 1 
After  : 1 0 1 [0;31m1[0m 1 0 1 1 1 0 0 1 1 1 1 1 1 1 1 0 1 1 
----------[9]-----fri_c1_250_25.csv-----
Before : 1 1 1 1 1 1 1 1 1 [0;32m1[0m 1 1 1 1 1 1 1 1 1 1 1 1 
After  : 1 1 1 1 1 1 1 1 1 [0;31m0[0m 1 1 1 1 1 1 1 1 1 1 1 1 
----------[4]-----fri_c1_250_5.csv-----
Before : 1 1 1 0 [0;32m0[0m 0 1 1 1 1 1 1 0 0 1 0 1 1 1 0 0 1 
After  : 1 1 1 0 [0;31m1[0m 0 1 1 1 1 1 1 0 0 1 0 1 1 1 0 0 1 
----------[2]-----fri_c1_250_50.csv-----
Before : 0 1 [0;32m0[0m 0 0 1 1 0 0 1 0 1 0 1 0 1 0 0 1 1 1 0 
After  : 0 1 [0;31m1[0m 0 0 1 1 0 0 1 0 1 0 1 0 1 0 0 1 1 1 0 
----------[30]-----fri_c1_500_10.csv-----
Before : 1 1 1 1 1 1 0 1 1 0 0 0 1 1 0 1 0 1 0 1 0 1 0 0 0 1 0 0 0 1 [0;32m0[0m 0 0 0 1 1 1 1 1 1 1 1 1 0 1 
After  : 1 1 1 1 1 1 0 1 1 0 0 0 1 1 0 1 0 1 0 1 0 1 0 0 0 1 0 0 0 1 [0;31m1[0m 0 0 0 1 1 1 1 1 1 1 1 1 0 1 
----------[24]-----fri_c1_500_25.csv-----
Before : 0 1 0 0 1 1 1 1 0 1 1 0 1 1 1 1 1 0 1 1 0 0 1 0 [0;32m1[0m 0 1 0 0 1 1 1 1 0 1 0 1 0 0 1 0 1 0 1 1 
After  : 0 1 0 0 1 1 1 1 0 1 1 0 1 1 1 1 1 0 1 1 0 0 1 0 [0;31m0[0m 0 1 0 0 1 1 1 1 0 1 0 1 0 0 1 0 1 0 1 1 
----------[27]-----fri_c1_500_5.csv-----
Before : 0 0 0 0 0 0 0 0 0 0 0 1 1 1 1 0 1 1 0 0 0 0 1 1 0 0 0 [0;32m0[0m 1 1 1 0 0 0 1 0 1 0 0 0 1 1 0 1 1 
After  : 0 0 0 0 0 0 0 0 0 0 0 1 1 1 1 0 1 1 0 0 0 0 1 1 0 0 0 [0;31m1[0m 1 1 1 0 0 0 1 0 1 0 0 0 1 1 0 1 1 
----------[8]-----fri_c1_500_50.csv-----
Before : 1 0 1 1 0 1 1 1 [0;32m1[0m 1 1 1 0 1 1 1 1 1 1 1 1 1 1 1 1 1 1 1 1 1 1 0 1 1 1 1 1 1 1 1 0 1 0 1 1 
After  : 1 0 1 1 0 1 1 1 [0;31m0[0m 1 1 1 0 1 1 1 1 1 1 1 1 1 1 1 1 1 1 1 1 1 1 0 1 1 1 1 1 1 1 1 0 1 0 1 1 
----------[35]-----fri_c2_1000_10.csv-----
Before : 0 1 0 0 1 1 1 0 0 1 1 0 1 1 0 0 0 1 1 1 0 1 1 1 1 1 0 0 1 1 1 1 1 1 0 [0;32m1[0m 1 0 0 1 0 1 1 1 1 0 1 1 1 0 1 1 1 1 1 1 1 1 1 1 1 1 1 0 1 0 1 0 1 0 0 1 1 0 1 1 0 0 0 1 0 1 1 1 0 0 1 1 1 1 
After  : 0 1 0 0 1 1 1 0 0 1 1 0 1 1 0 0 0 1 1 1 0 1 1 1 1 1 0 0 1 1 1 1 1 1 0 [0;31m0[0m 1 0 0 1 0 1 1 1 1 0 1 1 1 0 1 1 1 1 1 1 1 1 1 1 1 1 1 0 1 0 1 0 1 0 0 1 1 0 1 1 0 0 0 1 0 1 1 1 0 0 1 1 1 1 
----------[71]-----fri_c2_1000_25.csv-----
Before : 0 1 0 1 0 0 0 1 1 1 1 0 1 0 1 1 1 0 0 1 1 1 1 0 0 1 1 1 0 0 1 0 0 1 0 0 1 1 0 1 1 1 1 0 0 1 1 0 0 0 0 1 1 1 0 0 1 0 0 0 1 1 0 0 0 0 0 1 1 1 1 [0;32m0[0m 1 0 0 1 0 1 0 0 1 1 0 0 0 0 1 1 1 0 
After  : 0 1 0 1 0 0 0 1 1 1 1 0 1 0 1 1 1 0 0 1 1 1 1 0 0 1 1 1 0 0 1 0 0 1 0 0 1 1 0 1 1 1 1 0 0 1 1 0 0 0 0 1 1 1 0 0 1 0 0 0 1 1 0 0 0 0 0 1 1 1 1 [0;31m1[0m 1 0 0 1 0 1 0 0 1 1 0 0 0 0 1 1 1 0 
----------[2]-----fri_c2_1000_50.csv-----
Before : 1 1 [0;32m1[0m 1 0 1 1 1 1 0 1 1 1 0 0 0 1 0 0 1 0 0 1 1 1 0 1 1 1 0 1 1 1 0 1 1 1 0 0 0 1 0 0 0 0 1 1 0 0 1 1 1 1 1 1 0 1 1 1 0 1 1 0 1 1 1 1 1 1 1 1 0 1 0 1 0 0 1 1 0 1 0 0 0 1 1 1 0 0 0 
After  : 1 1 [0;31m0[0m 1 0 1 1 1 1 0 1 1 1 0 0 0 1 0 0 1 0 0 1 1 1 0 1 1 1 0 1 1 1 0 1 1 1 0 0 0 1 0 0 0 0 1 1 0 0 1 1 1 1 1 1 0 1 1 1 0 1 1 0 1 1 1 1 1 1 1 1 0 1 0 1 0 0 1 1 0 1 0 0 0 1 1 1 0 0 0 
----------[3]-----fri_c2_100_10.csv-----
Before : 1 0 0 [0;32m1[0m 1 1 0 0 0 
After  : 1 0 0 [0;31m0[0m 1 1 0 0 0 
----------[5]-----fri_c2_100_25.csv-----
Before : 0 1 0 1 1 [0;32m0[0m 0 0 0 
After  : 0 1 0 1 1 [0;31m1[0m 0 0 0 
----------[5]-----fri_c2_100_5.csv-----
Before : 0 1 1 0 1 [0;32m1[0m 1 0 0 
After  : 0 1 1 0 1 [0;31m0[0m 1 0 0 
----------[3]-----fri_c2_100_50.csv-----
Before : 1 1 1 [0;32m1[0m 1 1 1 1 1 
After  : 1 1 1 [0;31m0[0m 1 1 1 1 1 
----------[20]-----fri_c2_250_10.csv-----
Before : 1 1 1 1 1 0 0 0 1 1 1 1 0 1 1 1 0 1 1 0 [0;32m0[0m 1 
After  : 1 1 1 1 1 0 0 0 1 1 1 1 0 1 1 1 0 1 1 0 [0;31m1[0m 1 
----------[5]-----fri_c2_250_25.csv-----
Before : 1 1 1 1 0 [0;32m1[0m 0 0 1 1 0 0 1 1 0 1 1 1 1 1 1 1 
After  : 1 1 1 1 0 [0;31m0[0m 0 0 1 1 0 0 1 1 0 1 1 1 1 1 1 1 
----------[15]-----fri_c2_250_5.csv-----
Before : 0 0 1 1 0 0 1 1 0 1 1 1 0 0 1 [0;32m0[0m 0 1 1 0 0 1 
After  : 0 0 1 1 0 0 1 1 0 1 1 1 0 0 1 [0;31m1[0m 0 1 1 0 0 1 
----------[2]-----fri_c2_250_50.csv-----
Before : 1 1 [0;32m0[0m 0 1 1 1 1 0 0 1 1 1 1 1 1 1 1 1 1 1 1 
After  : 1 1 [0;31m1[0m 0 1 1 1 1 0 0 1 1 1 1 1 1 1 1 1 1 1 1 
----------[18]-----house_votes_84.csv-----
Before : 0 1 0 1 0 0 0 0 0 1 0 1 1 0 1 0 1 1 [0;32m0[0m 0 1 0 1 1 0 0 1 0 0 0 1 0 1 1 0 1 0 0 0 
After  : 0 1 0 1 0 0 0 0 0 1 0 1 1 0 1 0 1 1 [0;31m1[0m 0 1 0 1 1 0 0 1 0 0 0 1 0 1 1 0 1 0 0 0 
----------[0]-----humandevel.csv-----
Before : [0;32m1[0m 0 1 0 0 1 1 1 0 1 1 
After  : [0;31m0[0m 0 1 0 0 1 1 1 0 1 1 
----------[33]-----ilpd.csv-----
Before : 0 0 0 0 0 0 0 0 0 0 0 0 0 0 0 0 0 0 0 0 0 0 0 0 0 0 0 0 0 0 0 0 0 [0;32m0[0m 0 0 0 0 0 0 0 0 0 0 0 0 0 0 0 0 0 0 
After  : 0 0 0 0 0 0 0 0 0 0 0 0 0 0 0 0 0 0 0 0 0 0 0 0 0 0 0 0 0 0 0 0 0 [0;31m1[0m 0 0 0 0 0 0 0 0 0 0 0 0 0 0 0 0 0 0 
----------[30]-----ionosphere.csv-----
Before : 1 1 1 1 1 1 1 1 1 1 1 1 1 1 1 1 1 1 1 1 1 1 1 1 1 1 1 1 1 1 [0;32m1[0m 
After  : 1 1 1 1 1 1 1 1 1 1 1 1 1 1 1 1 1 1 1 1 1 1 1 1 1 1 1 1 1 1 [0;31m0[0m 
----------[9]-----iris.csv-----
Before : 0 1 1 0 0 1 1 1 1 [0;32m0[0m 0 1 1 
After  : 0 1 1 0 0 1 1 1 1 [0;31m1[0m 0 1 1 
----------[10]-----fri_c2_500_10.csv-----
Before : 1 1 1 1 1 0 0 1 1 0 [0;32m1[0m 1 1 1 1 0 1 1 0 1 0 0 0 1 0 1 1 1 0 1 1 0 1 0 1 0 0 0 0 0 0 1 1 1 1 
After  : 1 1 1 1 1 0 0 1 1 0 [0;31m0[0m 1 1 1 1 0 1 1 0 1 0 0 0 1 0 1 1 1 0 1 1 0 1 0 1 0 0 0 0 0 0 1 1 1 1 
----------[26]-----fri_c2_500_25.csv-----
Before : 0 1 1 1 1 1 1 0 1 1 1 0 1 0 1 1 0 1 1 0 1 0 0 1 0 0 [0;32m1[0m 0 1 1 1 1 1 1 0 1 0 0 1 1 1 0 1 1 1 
After  : 0 1 1 1 1 1 1 0 1 1 1 0 1 0 1 1 0 1 1 0 1 0 0 1 0 0 [0;31m0[0m 0 1 1 1 1 1 1 0 1 0 0 1 1 1 0 1 1 1 
----------[35]-----fri_c2_500_50.csv-----
Before : 0 0 0 1 1 1 0 1 1 1 0 1 1 0 1 0 0 1 0 1 1 1 0 1 1 1 1 1 1 1 0 1 0 0 1 [0;32m0[0m 0 1 1 1 1 1 0 0 1 
After  : 0 0 0 1 1 1 0 1 1 1 0 1 1 0 1 0 0 1 0 1 1 1 0 1 1 1 1 1 1 1 0 1 0 0 1 [0;31m1[0m 0 1 1 1 1 1 0 0 1 
----------[68]-----fri_c3_1000_10.csv-----
Before : 1 0 0 1 1 0 0 1 0 0 0 1 1 0 0 0 1 0 0 1 0 0 0 0 1 0 0 0 1 0 1 0 1 1 1 0 1 1 0 0 0 1 1 0 0 0 0 1 1 1 0 1 1 1 1 0 1 0 1 0 0 1 0 0 1 0 0 1 [0;32m1[0m 0 0 1 0 1 1 1 0 1 0 1 1 1 1 1 1 0 1 0 0 1 
After  : 1 0 0 1 1 0 0 1 0 0 0 1 1 0 0 0 1 0 0 1 0 0 0 0 1 0 0 0 1 0 1 0 1 1 1 0 1 1 0 0 0 1 1 0 0 0 0 1 1 1 0 1 1 1 1 0 1 0 1 0 0 1 0 0 1 0 0 1 [0;31m0[0m 0 0 1 0 1 1 1 0 1 0 1 1 1 1 1 1 0 1 0 0 1 
----------[7]-----fri_c3_1000_25.csv-----
Before : 1 0 0 1 0 0 1 [0;32m0[0m 1 1 0 0 0 1 1 1 1 0 0 1 1 0 0 1 0 1 0 1 0 1 1 0 0 1 0 1 1 1 1 0 1 1 1 0 0 0 1 0 0 1 0 1 1 1 0 1 1 1 1 1 0 1 0 0 0 0 0 1 1 1 0 0 0 0 0 1 1 0 1 0 1 1 0 1 0 0 1 0 1 1 
After  : 1 0 0 1 0 0 1 [0;31m1[0m 1 1 0 0 0 1 1 1 1 0 0 1 1 0 0 1 0 1 0 1 0 1 1 0 0 1 0 1 1 1 1 0 1 1 1 0 0 0 1 0 0 1 0 1 1 1 0 1 1 1 1 1 0 1 0 0 0 0 0 1 1 1 0 0 0 0 0 1 1 0 1 0 1 1 0 1 0 0 1 0 1 1 
----------[26]-----fri_c3_1000_5.csv-----
Before : 1 1 1 1 1 0 1 0 1 1 0 0 0 0 0 0 0 0 0 0 1 0 0 0 1 0 [0;32m0[0m 0 1 0 1 1 1 0 0 0 0 1 0 0 0 0 0 1 0 0 1 1 0 0 1 0 1 1 1 0 0 0 0 0 0 0 1 1 0 0 0 0 0 0 0 0 0 0 1 0 1 0 0 1 1 0 0 0 0 0 0 0 1 0 
After  : 1 1 1 1 1 0 1 0 1 1 0 0 0 0 0 0 0 0 0 0 1 0 0 0 1 0 [0;31m1[0m 0 1 0 1 1 1 0 0 0 0 1 0 0 0 0 0 1 0 0 1 1 0 0 1 0 1 1 1 0 0 0 0 0 0 0 1 1 0 0 0 0 0 0 0 0 0 0 1 0 1 0 0 1 1 0 0 0 0 0 0 0 1 0 
----------[75]-----fri_c3_1000_50.csv-----
Before : 1 1 0 1 1 1 1 1 1 1 0 0 0 1 0 1 1 1 1 1 1 0 0 1 1 0 1 0 1 0 0 1 0 0 1 0 0 1 0 1 0 1 1 0 1 0 1 1 1 1 0 1 1 1 0 1 1 1 1 0 0 1 0 0 1 1 1 0 1 0 0 0 1 0 1 [0;32m0[0m 0 0 1 1 1 0 1 0 1 1 1 0 0 0 
After  : 1 1 0 1 1 1 1 1 1 1 0 0 0 1 0 1 1 1 1 1 1 0 0 1 1 0 1 0 1 0 0 1 0 0 1 0 0 1 0 1 0 1 1 0 1 0 1 1 1 1 0 1 1 1 0 1 1 1 1 0 0 1 0 0 1 1 1 0 1 0 0 0 1 0 1 [0;31m1[0m 0 0 1 1 1 0 1 0 1 1 1 0 0 0 
----------[4]-----fri_c3_100_10.csv-----
Before : 0 0 1 0 [0;32m1[0m 0 0 0 0 
After  : 0 0 1 0 [0;31m0[0m 0 0 0 0 
----------[7]-----fri_c3_100_25.csv-----
Before : 1 1 1 0 0 0 1 [0;32m0[0m 1 
After  : 1 1 1 0 0 0 1 [0;31m1[0m 1 
----------[8]-----fri_c3_100_5.csv-----
Before : 1 1 1 0 1 1 1 1 [0;32m0[0m 
After  : 1 1 1 0 1 1 1 1 [0;31m1[0m 
----------[0]-----fri_c3_100_50.csv-----
Before : [0;32m1[0m 1 1 1 1 1 1 1 1 
After  : [0;31m0[0m 1 1 1 1 1 1 1 1 
----------[3]-----fri_c3_250_10.csv-----
Before : 0 0 1 [0;32m0[0m 0 1 1 1 1 0 0 0 1 1 1 1 0 1 0 0 1 1 
After  : 0 0 1 [0;31m1[0m 0 1 1 1 1 0 0 0 1 1 1 1 0 1 0 0 1 1 
----------[7]-----fri_c3_250_25.csv-----
Before : 1 1 1 0 1 1 1 [0;32m0[0m 1 1 0 1 1 1 1 1 0 0 1 1 1 0 
After  : 1 1 1 0 1 1 1 [0;31m1[0m 1 1 0 1 1 1 1 1 0 0 1 1 1 0 
----------[19]-----fri_c3_250_5.csv-----
Before : 1 1 1 1 1 1 1 1 1 1 1 1 1 1 1 1 1 1 1 [0;32m1[0m 1 1 
After  : 1 1 1 1 1 1 1 1 1 1 1 1 1 1 1 1 1 1 1 [0;31m0[0m 1 1 
----------[13]-----fri_c3_250_50.csv-----
Before : 1 0 1 1 1 0 0 1 1 1 1 1 0 [0;32m0[0m 1 1 1 1 0 0 0 1 
After  : 1 0 1 1 1 0 0 1 1 1 1 1 0 [0;31m1[0m 1 1 1 1 0 0 0 1 
----------[3]-----fri_c3_500_10.csv-----
Before : 0 1 0 [0;32m0[0m 0 1 0 0 0 1 0 1 0 1 1 0 1 1 1 1 1 0 1 0 1 0 0 1 1 0 1 0 1 0 1 1 1 1 0 0 1 0 1 0 0 
After  : 0 1 0 [0;31m1[0m 0 1 0 0 0 1 0 1 0 1 1 0 1 1 1 1 1 0 1 0 1 0 0 1 1 0 1 0 1 0 1 1 1 1 0 0 1 0 1 0 0 
----------[39]-----fri_c3_500_25.csv-----
Before : 1 1 1 1 1 1 1 1 1 1 1 1 1 1 1 1 1 1 1 1 1 1 1 1 1 1 1 1 1 1 1 1 1 1 1 1 1 1 1 [0;32m1[0m 1 1 1 1 1 
After  : 1 1 1 1 1 1 1 1 1 1 1 1 1 1 1 1 1 1 1 1 1 1 1 1 1 1 1 1 1 1 1 1 1 1 1 1 1 1 1 [0;31m0[0m 1 1 1 1 1 
----------[25]-----fri_c3_500_5.csv-----
Before : 0 1 0 1 0 0 1 0 1 0 0 0 0 1 1 0 1 0 0 0 1 1 1 1 0 [0;32m0[0m 1 1 1 1 0 1 0 1 0 1 0 1 1 0 1 0 1 0 1 
After  : 0 1 0 1 0 0 1 0 1 0 0 0 0 1 1 0 1 0 0 0 1 1 1 1 0 [0;31m1[0m 1 1 1 1 0 1 0 1 0 1 0 1 1 0 1 0 1 0 1 
----------[34]-----fri_c3_500_50.csv-----
Before : 1 0 1 0 0 1 1 1 1 1 0 0 1 0 1 1 1 1 0 1 0 0 1 1 1 0 1 1 0 0 1 1 0 1 [0;32m0[0m 1 1 1 1 0 1 1 1 0 1 
After  : 1 0 1 0 0 1 1 1 1 1 0 0 1 0 1 1 1 1 0 1 0 0 1 1 1 0 1 1 0 0 1 1 0 1 [0;31m1[0m 1 1 1 1 0 1 1 1 0 1 
----------[48]-----fri_c4_1000_25.csv-----
Before : 0 1 0 0 0 0 1 0 1 0 0 0 1 1 1 1 1 1 1 1 1 1 1 0 1 1 0 0 1 0 0 0 1 1 1 1 0 1 1 1 0 1 0 0 1 0 1 1 [0;32m0[0m 1 1 0 0 1 1 0 1 1 1 1 0 1 0 0 0 1 1 0 0 0 1 1 1 1 1 1 0 0 0 0 0 0 1 1 0 1 1 0 0 0 
After  : 0 1 0 0 0 0 1 0 1 0 0 0 1 1 1 1 1 1 1 1 1 1 1 0 1 1 0 0 1 0 0 0 1 1 1 1 0 1 1 1 0 1 0 0 1 0 1 1 [0;31m1[0m 1 1 0 0 1 1 0 1 1 1 1 0 1 0 0 0 1 1 0 0 0 1 1 1 1 1 1 0 0 0 0 0 0 1 1 0 1 1 0 0 0 
----------[41]-----fri_c4_1000_50.csv-----
Before : 0 1 1 1 0 1 1 0 1 1 1 1 0 1 0 1 1 0 0 1 0 0 1 0 1 0 1 1 0 1 0 0 0 0 1 0 1 1 1 1 0 [0;32m0[0m 1 0 0 1 0 1 0 0 0 1 1 0 0 1 1 0 1 1 0 1 0 1 0 1 1 0 0 1 1 0 1 1 1 1 1 0 0 1 0 0 1 1 1 0 1 0 0 1 
After  : 0 1 1 1 0 1 1 0 1 1 1 1 0 1 0 1 1 0 0 1 0 0 1 0 1 0 1 1 0 1 0 0 0 0 1 0 1 1 1 1 0 0 1 0 0 1 0 1 0 0 0 1 1 0 0 1 1 0 1 1 0 1 0 1 0 1 1 0 0 1 1 0 1 1 1 1 1 0 0 1 0 0 1 1 1 0 1 0 0 1 
----------[0]-----fri_c4_100_10.csv-----
Before : [0;32m1[0m 1 1 1 1 1 1 0 1 
After  : [0;31m0[0m 1 1 1 1 1 1 0 1 
----------[5]-----fri_c4_100_25.csv-----
Before : 0 0 0 0 0 [0;32m0[0m 0 0 0 
After  : 0 0 0 0 0 [0;31m1[0m 0 0 0 
----------[18]-----fri_c4_250_10.csv-----
Before : 1 0 1 0 1 1 1 0 1 1 0 0 1 1 1 1 1 1 [0;32m0[0m 1 1 1 
After  : 1 0 1 0 1 1 1 0 1 1 0 0 1 1 1 1 1 1 [0;31m1[0m 1 1 1 
----------[3]-----fri_c4_250_100.csv-----
Before : 1 1 1 [0;32m1[0m 1 1 1 1 1 1 1 1 1 1 1 1 1 1 1 1 1 1 
After  : 1 1 1 [0;31m0[0m 1 1 1 1 1 1 1 1 1 1 1 1 1 1 1 1 1 1 
----------[4]-----fri_c4_250_25.csv-----
Before : 1 1 1 1 [0;32m0[0m 0 0 1 1 0 1 1 0 1 1 1 0 1 1 1 1 0 
After  : 1 1 1 1 [0;31m1[0m 0 0 1 1 0 1 1 0 1 1 1 0 1 1 1 1 0 
----------[14]-----fri_c4_250_50.csv-----
Before : 0 0 1 0 0 0 0 0 1 1 0 0 1 1 [0;32m1[0m 0 1 1 0 1 0 1 
After  : 0 0 1 0 0 0 0 0 1 1 0 0 1 1 [0;31m0[0m 0 1 1 0 1 0 1 
----------[13]-----fri_c4_500_10.csv-----
Before : 1 0 1 1 0 1 0 0 1 0 0 1 0 [0;32m0[0m 0 0 1 1 1 0 1 0 0 1 1 0 1 0 0 1 1 1 1 1 1 1 1 1 1 1 0 1 1 1 0 
After  : 1 0 1 1 0 1 0 0 1 0 0 1 0 [0;31m1[0m 0 0 1 1 1 0 1 0 0 1 1 0 1 0 0 1 1 1 1 1 1 1 1 1 1 1 0 1 1 1 0 
----------[22]-----fri_c4_500_100.csv-----
Before : 0 0 1 0 1 1 0 0 1 0 1 0 0 0 1 1 1 1 1 0 1 0 [0;32m0[0m 0 1 0 1 1 1 0 0 0 1 1 0 1 0 0 0 1 1 1 0 0 1 
After  : 0 0 1 0 1 1 0 0 1 0 1 0 0 0 1 1 1 1 1 0 1 0 [0;31m1[0m 0 1 0 1 1 1 0 0 0 1 1 0 1 0 0 0 1 1 1 0 0 1 
----------[21]-----fri_c4_500_25.csv-----
Before : 1 1 0 1 0 1 0 1 0 1 0 1 0 1 1 1 1 1 1 1 1 [0;32m1[0m 1 1 1 1 0 1 0 1 0 0 1 0 1 0 1 1 1 1 0 1 0 1 1 
After  : 1 1 0 1 0 1 0 1 0 1 0 1 0 1 1 1 1 1 1 1 1 [0;31m0[0m 1 1 1 1 0 1 0 1 0 0 1 0 1 0 1 1 1 1 0 1 0 1 1 
----------[10]-----fruitfly.csv-----
Before : 1 0 0 1 1 1 1 1 0 1 [0;32m1[0m 
After  : 1 0 0 1 1 1 1 1 0 1 [0;31m0[0m 
----------[21]-----german.csv-----
Before : 1 1 1 1 1 1 0 1 0 1 1 1 0 1 1 1 1 1 1 0 1 [0;32m0[0m 1 1 1 1 1 1 1 1 0 1 1 1 1 1 1 1 1 1 1 1 1 1 1 1 1 1 1 0 1 1 1 1 1 1 1 1 1 1 1 0 1 0 1 1 1 1 1 1 1 1 1 0 1 1 1 1 1 1 1 1 1 1 0 1 1 1 0 1 
After  : 1 1 1 1 1 1 0 1 0 1 1 1 0 1 1 1 1 1 1 0 1 [0;31m1[0m 1 1 1 1 1 1 1 1 0 1 1 1 1 1 1 1 1 1 1 1 1 1 1 1 1 1 1 0 1 1 1 1 1 1 1 1 1 1 1 0 1 0 1 1 1 1 1 1 1 1 1 0 1 1 1 1 1 1 1 1 1 1 0 1 1 1 0 1 
----------[6]-----glass2.csv-----
Before : 0 1 0 0 1 0 [0;32m1[0m 0 1 1 0 0 1 0 
After  : 0 1 0 0 1 0 [0;31m0[0m 0 1 1 0 0 1 0 
----------[9]-----grub-damage.csv-----
Before : 1 1 1 0 1 1 1 1 1 [0;32m0[0m 1 1 1 
After  : 1 1 1 0 1 1 1 1 1 [0;31m1[0m 1 1 1 
----------[4]-----haberman.csv-----
Before : 0 0 0 0 [0;32m0[0m 0 0 0 0 0 0 0 0 0 0 0 0 0 0 0 0 0 0 0 0 0 0 
After  : 0 0 0 0 [0;31m1[0m 0 0 0 0 0 0 0 0 0 0 0 0 0 0 0 0 0 0 0 0 0 0 
----------[12]-----heart-statlog.csv-----
Before : 1 0 0 1 0 0 0 1 1 0 1 0 [0;32m1[0m 0 0 0 1 0 1 0 0 0 0 1 
After  : 1 0 0 1 0 0 0 1 1 0 1 0 [0;31m0[0m 0 0 0 1 0 1 0 0 0 0 1 
----------[22]-----heart_c.csv-----
Before : 0 0 0 1 1 1 0 0 0 1 1 1 1 0 0 0 1 1 0 0 1 1 [0;32m0[0m 0 1 1 1 
After  : 0 0 0 1 1 1 0 0 0 1 1 1 1 0 0 0 1 1 0 0 1 1 [0;31m1[0m 0 1 1 1 
----------[25]-----heart_h.csv-----
Before : 1 0 1 1 0 1 1 0 1 1 0 1 1 1 1 1 1 0 1 1 1 0 0 1 1 [0;32m1[0m 
After  : 1 0 1 1 0 1 1 0 1 1 0 1 1 1 1 1 1 0 1 1 1 0 0 1 1 [0;31m0[0m 
----------[18]-----heart_statlog.csv-----
Before : 1 0 0 1 0 0 0 1 1 0 1 0 1 0 0 0 1 0 [0;32m1[0m 0 0 0 0 1 
After  : 1 0 0 1 0 0 0 1 1 0 1 0 1 0 0 0 1 0 [0;31m0[0m 0 0 0 0 1 
----------[5]-----kc1-binary.csv-----
Before : 1 1 1 0 1 [0;32m0[0m 0 1 1 1 0 1 1 
After  : 1 1 1 0 1 [0;31m1[0m 0 1 1 1 0 1 1 
----------[10]-----kc1-top5.csv-----
Before : 1 1 1 1 1 1 1 1 1 1 [0;32m1[0m 1 1 
After  : 1 1 1 1 1 1 1 1 1 1 [0;31m0[0m 1 1 
----------[7]-----kc2.csv-----
Before : 0 0 0 0 0 1 0 [0;32m0[0m 0 0 0 0 0 0 0 0 0 1 0 0 1 0 0 0 0 0 0 0 0 0 0 0 0 0 0 0 0 0 0 0 0 0 0 0 0 0 
After  : 0 0 0 0 0 1 0 [0;31m1[0m 0 0 0 0 0 0 0 0 0 1 0 0 1 0 0 0 0 0 0 0 0 0 0 0 0 0 0 0 0 0 0 0 0 0 0 0 0 0 
----------[31]-----kc3.csv-----
Before : 0 0 0 0 0 0 0 0 0 0 0 0 0 0 0 0 0 0 0 0 0 0 0 0 0 0 0 0 0 0 0 [0;32m0[0m 0 0 0 0 0 0 0 0 0 
After  : 0 0 0 0 0 0 0 0 0 0 0 0 0 0 0 0 0 0 0 0 0 0 0 0 0 0 0 0 0 0 0 [0;31m1[0m 0 0 0 0 0 0 0 0 0 
----------[0]-----parkinsons.csv-----
Before : [0;32m0[0m 1 1 1 1 1 1 1 1 1 1 1 1 0 1 1 1 
After  : [0;31m1[0m 1 1 1 1 1 1 1 1 1 1 1 1 0 1 1 1 
----------[3]-----pc1_req.csv-----
Before : 1 1 1 [0;32m0[0m 1 1 1 1 1 1 1 1 1 1 1 1 1 1 1 1 1 1 1 1 1 1 1 1 
After  : 1 1 1 [0;31m1[0m 1 1 1 1 1 1 1 1 1 1 1 1 1 1 1 1 1 1 1 1 1 1 1 1 
----------[12]-----lowbwt.csv-----
Before : 1 0 1 1 0 1 1 1 1 0 1 1 [0;32m0[0m 0 1 1 1 
After  : 1 0 1 1 0 1 1 1 1 0 1 1 [0;31m1[0m 0 1 1 1 
----------[6]-----lsvt.csv-----
Before : 1 0 0 1 1 1 [0;32m0[0m 0 1 1 1 
After  : 1 0 0 1 1 1 [0;31m1[0m 0 1 1 1 
----------[3]-----lungcancer_GSE31210.csv-----
Before : 0 0 0 [0;32m0[0m 0 0 0 0 0 0 0 0 0 0 0 0 0 0 0 0 
After  : 0 0 0 [0;31m1[0m 0 0 0 0 0 0 0 0 0 0 0 0 0 0 0 0 
----------[0]-----machine_cpu.csv-----
Before : [0;32m1[0m 1 0 0 0 1 0 0 0 1 0 0 1 1 0 1 0 0 
After  : [0;31m0[0m 1 0 0 0 1 0 0 0 1 0 0 1 1 0 1 0 0 
----------[1]-----mc2.csv-----
Before : 0 [0;32m0[0m 0 0 0 0 0 0 0 0 0 0 0 0 
After  : 0 [0;31m1[0m 0 0 0 0 0 0 0 0 0 0 0 0 
----------[4]-----molecular-biology_promoters.csv-----
Before : 1 1 0 1 [0;32m1[0m 1 0 1 1 
After  : 1 1 0 1 [0;31m0[0m 1 0 1 1 
----------[0]-----molecular_biology_promoters.csv-----
Before : [0;32m0[0m 0 1 0 0 0 1 0 0 
After  : [0;31m1[0m 0 1 0 0 0 1 0 0 
----------[2]-----monk2.csv-----
Before : 0 0 [0;32m0[0m 0 0 0 0 0 0 0 0 0 0 0 0 0 0 0 0 0 0 0 0 0 0 0 0 0 0 0 0 0 0 0 0 0 0 0 0 0 0 1 0 0 0 0 0 0 0 0 0 0 0 0 
After  : 0 0 [0;31m1[0m 0 0 0 0 0 0 0 0 0 0 0 0 0 0 0 0 0 0 0 0 0 0 0 0 0 0 0 0 0 0 0 0 0 0 0 0 0 0 1 0 0 0 0 0 0 0 0 0 0 0 0 
----------[5]-----monk3.csv-----
Before : 1 1 1 0 1 [0;32m0[0m 0 1 0 0 1 0 0 1 0 0 0 0 1 0 0 0 1 0 0 1 0 1 1 1 0 0 1 1 1 0 0 0 1 1 1 1 0 0 0 0 1 0 0 
After  : 1 1 1 0 1 [0;31m1[0m 0 1 0 0 1 0 0 1 0 0 0 0 1 0 0 [0;31m1[0m 1 0 0 1 0 1 1 1 0 0 1 1 1 0 0 0 1 1 1 1 0 0 0 0 1 0 0 
----------[17]-----monks-problems-1.csv-----
Before : 1 1 0 0 1 1 0 1 0 1 0 1 1 1 1 0 1 [0;32m1[0m 0 1 0 0 1 0 0 1 0 1 0 1 1 1 1 1 1 1 1 1 1 1 1 1 1 1 0 1 1 1 1 1 
After  : 1 1 0 0 1 1 0 1 0 1 0 1 1 1 1 0 1 [0;31m0[0m 0 1 0 0 1 0 0 1 0 1 0 1 1 1 1 1 1 1 1 1 1 1 1 1 1 1 0 1 1 1 1 1 
----------[31]-----monks-problems-2.csv-----
Before : 0 0 1 0 0 0 1 0 1 1 0 0 1 0 1 0 0 0 0 0 0 0 0 0 0 1 0 0 0 0 0 [0;32m0[0m 0 0 0 1 1 0 0 0 0 0 0 0 0 1 0 0 1 0 0 0 0 0 
After  : 0 0 1 0 0 0 1 0 1 1 0 0 1 0 1 0 0 0 0 0 0 0 0 0 0 1 0 0 0 0 0 [0;31m1[0m 0 0 0 1 1 0 0 0 0 0 0 0 0 1 0 0 1 0 0 0 0 0 
----------[9]-----monks-problems-3.csv-----
Before : 0 1 1 0 1 1 0 0 0 [0;32m0[0m 1 0 0 1 0 0 0 0 1 0 0 1 0 0 0 1 0 1 1 1 0 0 1 1 1 0 0 0 1 1 1 1 0 1 0 0 0 0 0 
After  : 0 1 1 0 1 1 0 0 0 [0;31m1[0m 1 0 0 1 0 0 0 0 1 0 0 1 0 0 0 1 0 1 1 1 0 0 1 1 1 0 0 0 1 1 1 1 0 1 0 0 0 0 0 
----------[21]-----mu284.csv-----
Before : 0 1 1 0 0 0 1 1 0 1 0 1 1 0 0 1 0 1 0 0 1 [0;32m0[0m 1 0 0 
After  : 0 1 1 0 0 0 1 1 0 1 0 1 1 0 0 1 0 1 0 0 1 [0;31m1[0m 1 0 0 
----------[26]-----mw1.csv-----
Before : 0 0 0 0 0 0 0 0 0 0 0 0 0 0 0 0 0 0 0 0 0 0 0 0 0 0 [0;32m0[0m 0 0 0 0 0 0 0 0 0 
After  : 0 0 0 0 0 0 0 0 0 0 0 0 0 0 0 0 0 0 0 0 0 0 0 0 0 0 [0;31m1[0m 0 0 0 0 0 0 0 0 0 
----------[9]-----newton_hema.csv-----
Before : 0 0 0 0 1 0 1 0 1 [0;32m0[0m 1 1 
After  : 0 0 0 0 1 0 1 0 1 [0;31m1[0m 1 1 
----------[34]-----no2.csv-----
Before : 1 1 1 1 0 1 1 1 1 1 1 1 1 1 0 0 1 1 1 0 1 0 1 1 0 0 1 1 1 1 0 1 1 0 [0;32m1[0m 1 0 1 1 0 1 1 1 0 1 
After  : 1 1 1 1 0 1 1 1 1 1 1 1 1 1 0 0 1 1 1 0 1 0 1 1 0 0 1 1 1 1 0 1 1 0 [0;31m0[0m 1 0 1 1 0 1 1 1 0 1 
----------[29]-----pima.csv-----
Before : 1 0 1 0 0 0 0 1 1 0 0 0 0 0 0 1 1 0 0 0 0 1 1 1 1 0 0 0 0 [0;32m0[0m 0 0 0 1 0 1 0 0 0 0 0 0 0 1 1 0 0 1 1 0 0 1 0 0 0 0 0 0 0 0 0 0 0 0 0 1 0 0 1 
After  : 1 0 1 0 0 0 0 1 1 0 0 0 0 0 0 1 1 0 0 0 0 1 1 1 1 0 0 0 0 [0;31m1[0m 0 0 0 1 0 1 0 0 0 0 0 0 0 1 1 0 0 1 1 0 0 1 0 0 0 0 0 0 0 0 0 0 0 0 0 1 0 0 1 
----------[13]-----planning-relax.csv-----
Before : 0 0 0 0 0 0 0 0 0 0 0 0 0 [0;32m0[0m 0 0 
After  : 0 0 0 0 0 0 0 0 0 0 0 0 0 [0;31m1[0m 0 0 
----------[21]-----plasma_retinol.csv-----
Before : 0 0 0 0 0 0 0 0 0 0 0 0 0 0 0 0 0 0 0 0 0 [0;32m0[0m 0 0 0 0 0 0 
After  : 0 0 0 0 0 0 0 0 0 0 0 0 0 0 0 0 0 0 0 0 0 [0;31m1[0m 0 0 0 0 0 0 
----------[13]-----pm10.csv-----
Before : 0 0 0 0 0 0 0 0 0 0 0 0 0 [0;32m0[0m 0 0 0 0 0 0 0 0 0 1 0 0 0 0 0 0 1 0 0 0 0 0 0 0 0 0 0 0 0 0 0 
After  : 0 0 0 0 0 0 0 0 0 0 0 0 0 [0;31m1[0m 0 0 0 0 0 0 0 0 0 1 0 0 0 0 0 0 1 0 0 0 0 0 0 0 0 0 0 0 0 0 0 
----------[11]-----prnn_crabs.csv-----
Before : 0 1 0 1 0 1 0 0 0 0 1 [0;32m1[0m 0 1 1 1 1 1 
After  : 0 1 0 1 0 1 0 0 0 0 1 [0;31m0[0m 0 1 1 1 1 1 
----------[2]-----sa-heart.csv-----
Before : 0 0 [0;32m0[0m 0 0 0 0 0 0 0 0 1 0 0 0 0 0 0 0 0 0 0 0 0 0 1 0 1 0 1 1 0 0 0 1 1 1 0 0 0 1 
After  : 0 0 [0;31m1[0m 0 0 0 0 0 0 0 0 1 0 0 0 0 0 0 0 0 0 0 0 0 0 1 0 1 0 1 1 0 0 0 1 1 1 0 0 0 1 
----------[11]-----saheart.csv-----
Before : 0 0 0 0 0 0 0 0 0 0 0 [0;32m1[0m 0 0 0 0 0 0 0 0 0 0 0 0 0 1 0 1 0 1 1 0 0 0 1 1 1 0 0 0 1 
After  : 0 0 0 0 0 0 0 0 0 0 0 [0;31m0[0m 0 0 0 0 0 0 0 0 0 0 0 0 0 1 0 1 0 1 1 0 0 0 1 1 1 0 0 0 1 
----------[12]-----sensory.csv-----
Before : 0 0 0 0 0 0 0 0 0 0 0 0 [0;32m0[0m 0 0 0 0 0 0 0 0 0 0 0 0 0 0 0 0 0 0 0 0 0 0 0 0 0 0 0 0 0 0 0 0 0 0 0 0 0 0 
After  : 0 0 0 0 0 0 0 0 0 0 0 0 [0;31m1[0m 0 0 0 0 0 0 0 0 0 0 0 0 0 0 0 0 0 0 0 0 0 0 0 0 0 0 0 0 0 0 0 0 0 0 0 0 0 0 
----------[13]-----servo.csv-----
Before : 0 0 0 0 0 0 0 0 1 1 0 0 0 [0;32m0[0m 0 
After  : 0 0 0 0 0 0 0 0 1 1 0 0 0 [0;31m1[0m 0 
----------[8]-----sleuth_case2002.csv-----
Before : 1 1 1 1 0 1 1 0 [0;32m0[0m 1 1 0 0 
After  : 1 1 1 1 0 1 1 0 [0;31m1[0m 1 1 0 0 
----------[13]-----sonar.csv-----
Before : 1 0 0 1 0 1 0 1 1 0 1 1 0 [0;32m0[0m 1 1 0 1 
After  : 1 0 0 1 0 1 0 1 1 0 1 1 0 [0;31m1[0m 1 1 0 1 
----------[8]-----stock.csv-----
Before : 0 0 0 0 1 0 1 0 [0;32m1[0m 0 0 1 0 1 1 0 1 1 1 1 1 0 1 1 0 0 1 1 0 1 1 0 0 0 0 1 0 1 1 0 1 0 0 1 0 0 0 0 0 1 0 0 0 0 1 0 0 0 0 1 1 1 1 1 0 1 0 0 0 0 0 0 0 1 0 0 1 0 0 1 0 0 0 1 0 
After  : 0 0 0 0 1 0 1 0 1 0 0 1 0 1 1 0 1 1 1 1 1 0 1 1 0 0 1 1 0 1 1 0 0 0 0 1 0 1 1 0 1 0 0 1 0 0 0 0 0 1 0 0 0 0 1 0 0 0 0 1 1 1 1 1 0 1 0 0 0 0 0 0 0 1 0 0 1 0 0 1 0 0 0 1 0 
----------[19]-----prnn_synth.csv-----
Before : 1 1 1 1 0 0 0 1 1 0 0 0 1 0 0 0 0 1 0 [0;32m1[0m 0 0 
After  : 1 1 1 1 0 0 0 1 1 0 0 0 1 0 0 0 0 1 0 [0;31m0[0m 0 0 
----------[28]-----profb.csv-----
Before : 0 0 0 0 0 0 0 0 0 0 0 0 0 0 0 0 0 0 0 0 0 0 0 0 0 0 0 0 [0;32m0[0m 0 0 0 0 0 0 0 0 0 0 0 0 0 0 0 0 0 0 0 0 0 0 0 0 0 0 0 0 0 0 0 
After  : 0 0 0 0 0 0 0 0 0 0 0 0 0 0 0 0 0 0 0 0 0 0 0 0 0 0 0 0 [0;31m1[0m 0 0 0 0 0 0 0 0 0 0 0 0 0 0 0 0 0 0 0 0 0 0 0 0 0 0 0 0 0 0 0 
----------[0]-----promoters.csv-----
Before : [0;32m1[0m 1 0 1 1 1 0 1 1 
After  : [0;31m0[0m 1 0 1 1 1 0 1 1 
----------[0]-----pwLinear.csv-----
Before : [0;32m1[0m 1 0 0 1 0 0 1 0 1 0 0 1 0 0 0 1 0 
After  : [0;31m0[0m 1 0 0 1 0 0 1 0 1 0 0 1 0 0 0 1 0 
----------[7]-----qualitative-bankruptcy.csv-----
Before : 1 1 0 0 1 1 1 [0;32m0[0m 0 1 1 1 0 1 1 1 1 1 0 1 1 1 
After  : 1 1 0 0 1 1 1 [0;31m1[0m 0 1 1 1 0 1 1 1 1 1 0 1 1 1 
----------[4]-----rabe_266.csv-----
Before : 0 0 1 0 [0;32m1[0m 0 1 0 0 0 
After  : 0 0 1 0 [0;31m0[0m 0 1 0 0 0 
----------[27]-----rmftsa_ladata.csv-----
Before : 1 1 1 0 0 1 0 0 1 1 0 0 1 0 0 0 0 0 1 1 0 1 0 1 0 1 1 [0;32m0[0m 0 0 1 1 1 0 0 0 1 0 1 0 0 1 0 1 1 
After  : 1 1 1 0 0 1 0 0 1 1 0 0 1 0 0 0 0 0 1 1 0 1 0 1 0 1 1 [0;31m1[0m 0 0 1 1 1 0 0 0 1 0 1 0 0 1 0 1 1 
----------[1]-----synthetic_control.csv-----
Before : 1 [0;32m0[0m 1 1 0 1 1 1 1 0 1 1 1 0 0 1 1 1 1 1 0 1 1 1 1 1 1 1 1 1 1 0 1 1 1 1 1 0 1 1 1 1 1 0 1 1 1 1 1 1 1 1 1 1 
After  : 1 [0;31m1[0m 1 1 0 1 1 1 1 0 1 1 1 0 0 1 1 1 1 1 0 1 1 1 1 1 1 1 1 1 1 0 1 1 1 1 1 0 1 1 1 1 1 0 1 1 1 1 1 1 1 1 1 1 
----------[0]-----tae.csv-----
Before : [0;32m1[0m 1 1 1 1 1 0 1 1 1 1 1 1 
After  : [0;31m0[0m 1 1 1 1 1 0 1 1 1 1 1 1 
----------[12]-----tecator.csv-----
Before : 1 0 0 1 1 0 1 0 1 1 1 0 [0;32m0[0m 1 1 1 0 1 0 1 1 
After  : 1 0 0 1 1 0 1 0 1 1 1 0 [0;31m1[0m 1 1 1 0 1 0 1 1 
----------[11]-----thoracic-surgery.csv-----
Before : 1 1 1 1 1 1 1 1 1 1 1 [0;32m1[0m 1 1 1 1 1 1 1 1 1 1 1 1 1 1 1 1 1 1 1 1 1 1 1 1 1 1 1 1 1 1 
After  : 1 1 1 1 1 1 1 1 1 1 1 [0;31m0[0m 1 1 1 1 1 1 1 1 1 1 1 1 1 1 1 1 1 1 1 1 1 1 1 1 1 1 1 1 1 1 
----------[22]-----threeOf9.csv-----
Before : 0 1 1 0 0 1 0 0 0 0 1 1 0 0 0 1 0 1 0 1 1 0 [0;32m0[0m 0 0 1 1 0 0 0 0 1 1 0 0 1 0 0 1 0 1 1 1 1 1 0 
After  : 0 1 1 0 0 1 0 0 0 0 1 1 0 0 0 1 0 1 0 1 1 0 [0;31m1[0m 0 0 1 1 0 0 0 0 1 1 0 0 1 0 0 1 0 1 1 1 1 1 0 
----------[60]-----tic-tac-toe.csv-----
Before : 1 1 1 1 1 1 1 1 1 1 1 1 1 1 0 1 1 1 1 1 0 1 1 1 1 1 1 1 1 1 1 1 1 0 1 1 0 1 1 1 1 1 1 1 1 1 1 1 1 1 1 1 0 1 1 1 1 1 1 1 [0;32m1[0m 1 1 1 1 1 1 1 1 1 1 1 1 1 1 1 1 1 1 1 1 1 1 1 1 1 
After  : 1 1 1 1 1 1 1 1 1 1 1 1 1 1 0 1 1 1 1 1 0 1 1 1 1 1 1 1 1 1 1 1 1 0 1 1 0 1 1 1 1 1 1 1 1 1 1 1 1 1 1 1 0 1 1 1 1 1 1 1 [0;31m0[0m 1 1 1 1 1 1 1 1 1 1 1 1 1 1 1 1 1 1 1 1 1 1 1 1 1 
----------[6]-----transplant.csv-----
Before : 0 1 1 0 0 0 [0;32m1[0m 0 0 0 1 
After  : 0 1 1 0 0 0 [0;31m0[0m 0 0 0 1 
----------[2]-----triazines.csv-----
Before : 0 1 [0;32m0[0m 0 1 0 0 1 1 1 1 1 1 0 0 0 
After  : 0 1 [0;31m1[0m 0 1 0 0 1 1 1 1 1 1 0 0 0 
----------[10]-----veteran.csv-----
Before : 0 0 0 0 0 0 0 0 0 0 [0;32m0[0m 0 
After  : 0 0 0 0 0 0 0 0 0 0 [0;31m1[0m 0 
----------[17]-----vinnie.csv-----
Before : 0 1 1 1 1 0 1 0 1 1 1 0 0 1 1 0 1 [0;32m0[0m 1 0 1 0 0 1 1 1 0 1 0 1 1 1 0 1 
After  : 0 1 1 1 1 0 1 0 1 1 1 0 0 1 1 0 1 [0;31m1[0m 1 0 1 0 0 1 1 1 0 1 0 1 1 1 0 1 
----------[3]-----visualizing_environmental.csv-----
Before : 0 0 0 [0;32m0[0m 0 0 0 0 0 
After  : 0 0 0 [0;31m1[0m 0 0 0 0 0 
----------[17]-----visualizing_galaxy.csv-----
Before : 0 1 0 1 1 0 0 0 1 0 0 1 0 1 1 0 1 [0;32m1[0m 1 1 1 1 1 1 0 0 1 1 1 
After  : 0 1 0 1 1 0 0 0 1 0 0 1 0 1 1 0 1 [0;31m0[0m 1 1 1 1 1 1 0 0 1 1 1 
----------[0]-----visualizing_livestock.csv-----
Before : [0;32m0[0m 0 0 0 0 0 0 0 0 0 0 
After  : [0;31m1[0m 0 0 0 0 0 0 0 0 0 0 
----------[56]-----vowel.csv-----
Before : 1 1 1 1 1 1 1 1 1 1 1 1 1 1 1 1 1 1 1 1 1 1 1 1 1 1 1 1 1 1 1 1 1 1 1 1 1 1 1 1 1 1 0 1 1 1 1 1 1 1 1 1 1 1 1 1 [0;32m1[0m 1 1 0 1 1 1 1 1 1 1 1 1 1 1 1 1 1 1 1 1 1 1 0 1 1 1 0 1 1 1 1 1 
After  : 1 1 1 1 1 1 1 1 1 1 1 1 1 1 1 1 1 1 1 1 1 1 1 1 1 1 1 1 1 1 1 1 1 1 1 1 1 1 1 1 1 1 0 1 1 1 1 1 1 1 1 1 1 1 1 1 [0;31m0[0m 1 1 0 1 1 1 1 1 1 1 1 1 1 1 1 1 1 1 1 1 1 1 0 1 1 1 0 1 1 1 1 1 
----------[23]-----wdbc.csv-----
Before : 1 0 1 1 1 0 0 1 0 0 1 1 1 0 1 0 0 0 0 0 0 0 0 [0;32m1[0m 0 1 0 1 1 0 0 0 0 1 1 1 1 0 1 0 1 0 0 1 0 0 0 0 0 0 0 
After  : 1 0 1 1 1 0 0 1 0 0 1 1 1 0 1 0 0 0 0 0 0 0 0 [0;31m0[0m 0 1 0 1 1 0 0 0 0 1 1 1 1 0 1 0 1 0 0 1 0 0 0 0 0 0 0 
----------[24]-----wholesale-customers.csv-----
Before : 0 1 0 0 0 0 1 1 1 0 0 1 1 0 0 1 0 0 0 0 0 0 1 0 [0;32m1[0m 0 1 0 1 0 0 1 0 0 0 1 0 0 1 
After  : 0 1 0 0 0 0 1 1 1 0 0 1 1 0 0 1 0 0 0 0 0 0 1 0 [0;31m0[0m 0 1 0 1 0 0 1 0 0 0 1 0 0 1 
----------[1]-----wine.csv-----
Before : 0 [0;32m0[0m 1 1 1 1 1 0 1 0 0 0 0 1 0 0 
After  : 0 [0;31m1[0m 1 1 1 1 1 0 1 0 0 0 0 1 0 0 
----------[3]-----wisconsin.csv-----
Before : 1 1 1 [0;32m1[0m 1 1 1 1 1 1 1 1 1 1 1 1 1 
After  : 1 1 1 [0;31m0[0m 1 1 1 1 1 1 1 1 1 1 1 1 1 
